Date,Open,High,Low,Close,Adj Close,Volume
2000-01-03,32.46875,32.5,31.0,31.25,21.918337,2140400
2000-01-04,30.5625,31.21875,29.5,29.96875,21.019682,3367000
2000-01-05,29.96875,30.125,29.25,29.375,20.603233,3904600
2000-01-06,29.25,30.90625,28.4375,30.78125,21.589565,6148600
2000-01-07,30.78125,32.34375,30.3125,32.0,22.444378,3995000
2000-01-10,32.0,32.625,31.84375,32.3125,22.663555,2460200
2000-01-11,32.1875,32.21875,31.46875,31.5625,22.137512,2210000
2000-01-12,31.59375,32.75,31.5625,32.28125,22.64164,2532200
2000-01-13,32.09375,32.9375,32.0,32.625,22.882744,2106400
2000-01-14,32.625,32.625,31.5,31.90625,22.378618,3040800
2000-01-18,31.5,31.71875,30.09375,31.375,22.006004,4874600
2000-01-19,31.1875,31.75,30.21875,30.34375,21.282703,3621200
2000-01-20,30.53125,30.65625,29.03125,29.65625,20.800501,3840200
2000-01-21,29.75,30.5,29.03125,30.3125,21.260794,4532400
2000-01-24,31.25,31.875,29.75,30.0,21.041598999999998,5444400
2000-01-25,29.6875,29.8125,28.0,28.4375,19.945683,5178200
2000-01-26,28.4375,29.0,27.6875,28.5,19.989521,4411200
2000-01-27,28.5,28.6875,27.0,27.59375,19.353891,3873800
2000-01-28,27.46875,27.5625,25.75,26.125,18.323732,7165400
2000-01-31,26.3125,26.875,26.15625,26.46875,18.564833,4094800
2000-02-01,26.75,27.0,26.28125,26.84375,18.827856,5269600
2000-02-02,26.9375,27.25,26.59375,26.875,18.84977,3064200
2000-02-03,27.125,27.1875,25.75,26.46875,18.564833,4442000
2000-02-04,26.5,26.75,25.0,25.6875,18.016878,6752800
2000-02-07,25.59375,26.0,25.15625,25.59375,17.951118,7392400
2000-02-08,25.5,25.8125,24.96875,25.5,17.885366,4819600
2000-02-09,25.9375,26.28125,25.25,25.3125,17.753853,5518600
2000-02-10,25.375,25.84375,24.875,25.0625,17.578503,3483600
2000-02-11,25.0625,25.53125,23.78125,24.1875,16.964792000000003,3988000
2000-02-14,24.40625,25.75,24.40625,25.15625,17.644254999999998,4672400
2000-02-15,25.3125,26.4375,24.8125,26.21875,18.389482,6492000
2000-02-16,26.34375,26.9375,26.0,26.0625,18.349878,3866200
2000-02-17,27.0,27.3125,26.0,27.0625,19.053947,3986200
2000-02-18,27.125,27.25,25.9375,26.1875,18.437883,2937000
2000-02-22,26.8125,27.21875,25.65625,26.75,18.833931,2887800
2000-02-23,26.75,27.1875,26.375,26.375,18.569904,3639000
2000-02-24,26.4375,26.5625,25.09375,25.4375,17.909836,4850000
2000-02-25,25.25,25.5625,24.9375,25.03125,17.623808,4349600
2000-02-28,25.375,25.875,25.0,25.53125,17.975847,7077600
2000-02-29,26.0,26.0,25.25,25.46875,17.931828,3241600
2000-03-01,25.46875,25.5625,24.375,25.40625,17.887826999999998,3662800
2000-03-02,25.375,25.6875,24.8125,25.40625,17.887826999999998,3311600
2000-03-03,25.28125,26.46875,25.0,25.90625,18.239866,3196000
2000-03-06,26.15625,26.34375,24.625,25.0,17.601805,3306200
2000-03-07,25.0625,25.78125,24.375,25.25,17.777821,3321600
2000-03-08,25.25,25.25,24.5,24.625,17.337774,3341400
2000-03-09,24.25,24.5,23.25,24.03125,16.919736999999998,4442200
2000-03-10,23.90625,24.75,23.46875,24.4375,17.205763,4031600
2000-03-13,24.25,24.71875,24.09375,24.5,17.249767000000002,2977800
2000-03-14,24.78125,25.3125,24.78125,24.96875,17.579807000000002,4819000
2000-03-15,25.03125,27.75,24.6875,26.9375,18.965944,6193600
2000-03-16,27.4375,28.96875,27.125,28.5,20.066057,6666400
2000-03-17,28.0,29.1875,27.09375,27.3125,19.229961,5387400
2000-03-20,27.3125,28.90625,26.96875,28.0625,19.758026,3508200
2000-03-21,27.875,28.90625,27.625,28.375,19.97805,3442000
2000-03-22,28.75,29.125,27.6875,27.90625,19.648014,5261000
2000-03-23,27.9375,29.1875,27.5,29.1875,20.550102,3499600
2000-03-24,28.75,29.5,28.25,28.53125,20.088048999999998,3298200
2000-03-27,29.4375,29.4375,28.5,28.71875,20.220072000000002,2979600
2000-03-28,28.5,29.125,28.5,28.90625,20.352079,2408800
2000-03-29,28.6875,29.125,28.15625,28.8125,20.286081,2301200
2000-03-30,28.75,31.0,28.75,30.6875,21.606209,4159400
2000-03-31,30.0,32.25,29.875,31.59375,22.244267999999998,5577400
2000-04-03,31.59375,31.9375,29.875,30.9375,21.782235999999997,4282400
2000-04-04,31.5,31.9375,29.78125,31.59375,22.244267999999998,3104000
2000-04-05,31.125,31.375,30.25,30.5,21.474197,2719200
2000-04-06,30.53125,31.3125,30.375,30.75,21.650221,2314200
2000-04-07,30.75,30.9375,30.0,30.46875,21.452194,2466200
2000-04-10,30.46875,32.0,30.375,32.0,22.530306,3665200
2000-04-11,31.4375,32.875,31.34375,32.125,22.618322,4577000
2000-04-12,32.0625,32.625,32.0625,32.125,22.618322,4755200
2000-04-13,32.0625,32.34375,30.40625,30.4375,21.430197,4741400
2000-04-14,28.5625,29.5,28.03125,28.125,19.802025,5061600
2000-04-17,29.0,29.84375,28.8125,29.78125,20.968151000000002,2781000
2000-04-18,29.375,30.1875,28.40625,29.03125,20.440089999999998,2700800
2000-04-19,29.5625,31.21875,29.375,30.5625,21.518196,3027400
2000-04-20,30.0,32.3125,29.9375,32.03125,22.552313,4478000
2000-04-24,32.5,33.0625,32.0,32.4375,22.838339,5185600
2000-04-25,32.5,32.84375,31.65625,32.28125,22.728333,3311000
2000-04-26,32.09375,32.25,30.3125,30.3125,21.342184,3729200
2000-04-27,30.25,31.40625,30.0,31.0,21.826241,2289800
2000-04-28,31.0,31.4375,30.375,31.09375,21.892241000000002,1395200
2000-05-01,30.71875,31.8125,30.5,31.0,21.826241,2307800
2000-05-02,31.21875,31.9375,30.78125,31.375,22.090256,3010000
2000-05-03,30.625,31.09375,30.28125,30.65625,21.584208,1538400
2000-05-04,30.71875,31.125,30.0,30.875,21.738228,3223000
2000-05-05,31.0,32.96875,30.8125,32.65625,22.992355,3386200
2000-05-08,32.53125,33.46875,30.96875,31.125,21.914242,3777400
2000-05-09,31.1875,31.75,30.78125,31.25,22.00226,2408400
2000-05-10,31.46875,31.75,29.5,29.875,21.034157,4306200
2000-05-11,30.8125,32.25,30.6875,31.75,22.354286,2625400
2000-05-12,31.8125,32.4375,31.4375,32.125,22.618322,2420400
2000-05-15,31.75,32.5,31.75,32.03125,22.552313,2277800
2000-05-16,32.4375,33.21875,32.15625,33.09375,23.300383,2178200
2000-05-17,32.875,32.875,32.3125,32.59375,23.01791,2165200
2000-05-18,32.46875,32.9375,32.1875,32.445301,22.913073,1848000
2000-05-19,31.75,31.9375,30.8125,31.1875,22.024803,2161000
2000-05-22,31.5,31.5,30.8125,30.96875,21.870319,3453600
2000-05-23,31.21875,31.21875,30.21875,30.40625,21.473078,3230800
2000-05-24,30.9375,30.9375,29.5,29.9375,21.142039999999998,4726800
2000-05-25,29.9375,29.9375,29.21875,29.6875,20.96549,3716800
2000-05-26,30.0625,30.0625,29.1875,29.46875,20.811007999999998,1678800
2000-05-30,29.34375,29.78125,28.875,29.5,20.833076000000002,3547000
2000-05-31,29.46875,30.6875,29.34375,30.21875,21.34066,2836800
2000-06-01,29.5,30.9375,29.03125,30.84375,21.782049,3278600
2000-06-02,31.40625,32.4375,31.3125,31.5625,22.289635,3129400
2000-06-05,30.5625,30.78125,29.875,30.375,21.451006,2447800
2000-06-06,30.375,30.96875,30.0625,30.78125,21.737909,1887000
2000-06-07,30.8125,31.125,29.9375,30.0,21.18618,1936200
2000-06-08,29.0,29.125,28.0,28.46875,20.104803,7184600
2000-06-09,28.75,29.65625,28.6875,29.34375,20.722729,3856000
2000-06-12,29.375,29.5625,29.125,29.1406,20.579264000000002,1764800
2000-06-13,29.375,29.40625,28.5,28.59375,20.193085,2685600
2000-06-14,29.0,30.125,29.0,29.875,21.097906,3227200
2000-06-15,29.90625,30.875,29.46875,29.8125,21.053762,2175600
2000-06-16,29.5625,30.125,29.09375,29.4375,20.788942000000002,3612800
2000-06-19,29.625,29.65625,28.15625,28.6875,20.259289000000003,4281800
2000-06-20,28.5,28.5625,27.5625,27.8125,19.641351999999998,5452200
2000-06-21,28.5625,28.71875,27.6875,28.4375,20.082736999999998,2787000
2000-06-22,29.0,29.0,27.8125,28.25,19.950321,2640200
2000-06-23,28.25,28.625,27.90625,28.53125,20.148937,1551800
2000-06-26,28.875,29.0,28.25,28.53125,20.148937,1500000
2000-06-27,28.5,29.0625,28.15625,28.25,19.950321,3035600
2000-06-28,28.25,28.84375,28.09375,28.367148999999998,20.033051999999998,2568200
2000-06-29,28.03125,28.0625,27.09375,27.25,19.244116,3472400
2000-06-30,27.46875,29.492148999999998,27.0,29.4375,20.788942000000002,5072200
2000-07-03,28.75,28.78125,27.6875,28.34375,20.016525,1696600
2000-07-05,29.25,29.59375,28.8125,29.375,20.744797,2827400
2000-07-06,29.375,29.5625,28.8125,28.84375,20.369631,2493600
2000-07-07,28.96875,29.46875,28.875,29.375,20.744797,2858200
2000-07-10,29.40625,29.78125,29.125,29.65625,20.943422,2957800
2000-07-11,29.6875,30.03125,29.28125,30.0,21.18618,3401800
2000-07-12,29.59375,30.1875,29.125,30.125,21.274458,3886000
2000-07-13,30.125,30.4375,29.9375,30.25,21.36274,3175200
2000-07-14,30.5,30.875,30.1875,30.5625,21.583429000000002,1695800
2000-07-17,30.4375,30.46875,30.125,30.2656,21.373755,1464800
2000-07-18,30.125,30.125,29.1875,29.5,20.833076000000002,2002200
2000-07-19,30.0,30.21875,28.625,28.75,20.303423000000002,4131200
2000-07-20,28.75,29.0,28.4375,28.6875,20.259289000000003,4198200
2000-07-21,28.6875,29.5,28.6875,29.375,20.744797,3527200
2000-07-24,29.3125,29.75,29.1875,29.53125,20.855154000000002,1684000
2000-07-25,29.5,30.0,29.0625,29.125,20.568255999999998,2336000
2000-07-26,29.25,29.25,28.46875,28.6875,20.259289000000003,2997400
2000-07-27,28.75,29.0625,28.15625,28.75,20.303423000000002,3107800
2000-07-28,28.75,28.875,28.15625,28.71875,20.281351,1991400
2000-07-31,29.0,29.875,28.96875,29.1875,20.612394000000002,1589400
2000-08-01,29.5625,29.75,29.3125,29.625,20.921356,3064800
2000-08-02,29.5625,29.6875,29.03125,29.09375,20.546179000000002,1756200
2000-08-03,29.09375,29.1875,28.40625,28.5625,20.171017000000003,2499600
2000-08-04,28.78125,29.53125,28.5,29.5,20.833076000000002,3432800
2000-08-07,29.75,30.5,29.3125,30.5,21.539276,2939800
2000-08-08,30.46875,30.75,30.0,30.625,21.627569,2569000
2000-08-09,30.875,30.875,30.1875,30.4375,21.495151999999997,2426800
2000-08-10,30.5625,31.125,30.4375,30.5625,21.583429000000002,2821600
2000-08-11,30.65625,30.65625,30.09375,30.375,21.451006,2259800
2000-08-14,30.125,30.5,30.0625,30.46875,21.517214000000003,1361200
2000-08-15,30.5,30.625,29.875,30.03125,21.208248,2404200
2000-08-16,30.5,30.5625,30.09375,30.3125,21.40687,1562800
2000-08-17,30.4375,31.4375,30.125,31.25,22.068941,3595800
2000-08-18,31.46875,31.46875,30.75,30.75,21.715836,1542600
2000-08-21,31.0625,31.875,31.0,31.75,22.422037,2897400
2000-08-22,31.875,32.125,31.28125,31.875,22.510319,3040800
2000-08-23,31.75,32.1875,31.1875,32.046848,22.702901999999998,3225400
2000-08-24,32.0625,32.5,31.3125,31.625,22.404057,3050200
2000-08-25,31.8125,31.96875,31.28125,31.625,22.404057,1676200
2000-08-28,31.59375,32.0,31.25,31.90625,22.603302,2157200
2000-08-29,31.78125,31.78125,31.1875,31.28125,22.160534,1788400
2000-08-30,31.25,31.25,30.25,30.5,21.607067,2056600
2000-08-31,30.5,31.3125,30.46875,31.21875,22.116260999999998,2519400
2000-09-01,31.34375,31.375,30.78125,31.0,21.961281,1420000
2000-09-05,30.5625,31.0,30.5,30.625,21.695631,1784800
2000-09-06,30.59375,32.0625,30.5625,31.90625,22.603302,3977200
2000-09-07,32.4375,32.78125,31.5625,31.75,22.492608999999998,4842200
2000-09-08,31.6875,31.6875,30.4375,30.9375,21.917009,3282800
2000-09-11,30.9375,31.65625,30.875,31.4375,22.271223000000003,2935600
2000-09-12,31.0625,31.5,30.71875,31.4375,22.271223000000003,2960600
2000-09-13,31.46875,31.625,31.1875,31.46875,22.293356,3172800
2000-09-14,32.0,32.1875,31.90625,32.0,22.669714000000003,5147800
2000-09-15,32.5,33.65625,31.84375,31.96875,22.647579,10467000
2000-09-18,32.25,32.5,31.5625,32.1875,22.802549,4838200
2000-09-19,32.4375,32.4375,30.78125,31.3125,22.182663,6235000
2000-09-20,31.5,31.9375,29.5,31.75,22.492608999999998,10323800
2000-09-21,30.75,31.53125,30.625,31.125,22.049841,4557800
2000-09-22,31.375,32.875,30.59375,32.75,23.201033,8024800
2000-09-25,33.0,34.0,32.9375,33.375,23.643798999999998,5436000
2000-09-26,33.5625,34.125,33.3125,33.5625,23.776628,3733800
2000-09-27,33.65625,35.0,33.34375,34.40625,24.374372,6242600
2000-09-28,34.75,36.4375,34.5,35.75,25.326319,6746200
2000-09-29,35.5,35.8125,34.3125,34.6875,24.573614000000003,3682600
2000-10-02,34.4375,34.875,33.75,34.125,24.175129000000002,3782200
2000-10-03,34.375,36.3125,34.21875,35.3125,25.016388,3625600
2000-10-04,35.375,36.0,35.09375,35.28125,24.994242,3366000
2000-10-05,35.15625,36.46875,35.125,36.375,25.769089,3299800
2000-10-06,36.4375,36.46875,35.71875,36.0,25.503426,3252000
2000-10-09,35.875,36.40625,34.75,35.03125,24.817141,2699600
2000-10-10,35.15625,36.1875,34.9375,35.90625,25.437006,3762000
2000-10-11,35.75,36.4375,35.46875,35.75,25.326319,4510000
2000-10-12,35.6875,35.90625,33.71875,34.0,24.086569,4663000
2000-10-13,33.875,35.09375,33.8125,34.84375,24.684298000000002,3539000
2000-10-16,34.90625,36.15625,34.78125,36.03125,25.525566,3163600
2000-10-17,36.15625,36.21875,34.84375,34.84375,24.684298000000002,2615400
2000-10-18,34.78125,35.1875,33.90625,34.1875,24.219398,5408200
2000-10-19,33.625,34.5625,32.0,32.0,22.669714000000003,5478000
2000-10-20,30.8125,33.59375,29.9375,32.5,23.023922,34313400
2000-10-23,32.8125,33.0,31.5,31.75,22.492608999999998,10376400
2000-10-24,32.0,32.375,31.6875,32.34375,22.913232999999998,7459200
2000-10-25,32.40625,32.6875,31.75,32.0,22.669714000000003,6573400
2000-10-26,32.25,33.625,32.1875,33.25,23.555256,4305800
2000-10-27,33.5,33.75,32.8125,33.625,23.820915,3440400
2000-10-30,33.75,35.0,33.71875,34.4375,24.396511,3760600
2000-10-31,34.5,35.0625,33.6875,34.90625,24.728586,4734000
2000-11-01,34.59375,34.84375,33.96875,34.3125,24.307955,2656600
2000-11-02,34.4375,34.78125,34.0,34.375,24.352232,1724800
2000-11-03,34.125,34.40625,32.78125,33.5625,23.776628,2800000
2000-11-06,33.84375,35.0,33.78125,34.90625,24.728586,2511600
2000-11-07,34.875,34.875,33.75,34.03125,24.108709,2127000
2000-11-08,34.03125,34.21875,33.5625,33.84375,23.975882000000002,3047000
2000-11-09,33.96875,34.34375,33.40625,33.96875,24.064428,2424800
2000-11-10,33.90625,34.1875,32.59375,33.09375,23.444558999999998,2768400
2000-11-13,32.75,33.375,32.65625,33.03125,23.40028,2465400
2000-11-14,33.09375,33.9375,33.09375,33.65625,23.843048,2648200
2000-11-15,33.625,33.90625,33.34375,33.53125,23.834166,2736600
2000-11-16,33.78125,34.4375,33.5625,34.28125,24.367266,2511800
2000-11-17,34.46875,35.09375,34.28125,34.6875,24.656038,2642800
2000-11-20,34.71875,35.0,34.09375,34.5,24.522751,2560200
2000-11-21,34.875,35.84375,34.53125,35.0,24.878141,4676600
2000-11-22,34.75,35.375,34.46875,35.09375,24.944798000000002,3745800
2000-11-24,35.0,35.96875,35.0,35.96875,25.566753,1583600
2000-11-27,36.375,36.375,34.625,34.96875,24.855944,4185000
2000-11-28,34.96875,34.96875,34.09375,34.1875,24.300631,3586800
2000-11-29,34.5625,34.9375,34.5625,34.6875,24.656038,3208800
2000-11-30,34.625,35.875,34.4375,35.40625,25.166930999999998,4521400
2000-12-01,35.1875,35.96875,35.0,35.25,25.055854999999998,4125000
2000-12-04,35.25,36.4375,34.84375,36.28125,25.788874,6607200
2000-12-05,36.875,37.9375,36.75,37.9375,26.966143,7212600
2000-12-06,37.96875,38.59375,37.5625,37.6875,26.788445,5536800
2000-12-07,37.34375,37.71875,37.21875,37.65625,26.766232000000002,4092000
2000-12-08,38.0,38.53125,37.3125,37.40625,26.588539,5711600
2000-12-11,37.4375,37.59375,35.96875,36.125,25.677807,5350400
2000-12-12,36.3125,37.46875,36.125,36.75,26.122072,5811600
2000-12-13,37.1875,37.46875,35.8125,35.8125,25.455682999999997,4061400
2000-12-14,35.875,36.5,35.0,35.59375,25.300198,3028800
2000-12-15,35.375,36.71875,35.375,35.59375,25.300198,5452400
2000-12-18,36.03125,37.3125,35.78125,36.90625,26.23312,3210800
2000-12-19,37.0,37.4375,36.46875,37.375,26.566313,4123800
2000-12-20,36.5,37.25,36.375,36.65625,26.055435,4475800
2000-12-21,36.4375,37.53125,36.1875,37.5,26.655174,3647600
2000-12-22,37.375,38.25,37.375,38.0,27.010574,4273600
2000-12-26,38.0,39.125,37.65625,38.84375,27.610312,2935400
2000-12-27,38.71875,39.875,38.0,39.875,28.343319,2731200
2000-12-28,39.5625,39.5625,39.0,39.34375,27.965708000000003,3990800
2000-12-29,39.5,39.75,39.125,39.3125,27.943509999999996,2686200
2001-01-02,38.875,38.875,37.28125,37.625,26.744021999999998,3390400
2001-01-03,37.375,38.125,36.59375,37.5625,26.699597999999998,4980800
2001-01-04,38.0625,38.125,36.34375,36.78125,26.144279,4876200
2001-01-05,37.0,37.0,35.53125,35.5625,25.27799,4172000
2001-01-08,35.6875,36.71875,35.59375,36.1875,25.722239000000002,3778600
2001-01-09,36.78125,36.84375,35.125,35.3125,25.100285,4020400
2001-01-10,35.125,36.34375,34.546848,36.125,25.677807,3798600
2001-01-11,36.53125,37.03125,36.40625,36.9375,26.255337,3635400
2001-01-12,36.9375,36.9375,34.75,35.34375,25.12249,4717600
2001-01-16,35.5,36.0,34.65625,35.46875,25.211349,4627400
2001-01-17,36.1875,36.6875,35.8125,36.0625,25.633392,4700800
2001-01-18,36.0625,36.84375,36.0625,36.53125,25.966578,11040400
2001-01-19,36.0,36.1875,35.09375,35.53125,25.255774,4991800
2001-01-22,35.875,36.0,34.875,35.9375,25.544546,3640600
2001-01-23,35.9375,36.9375,35.6875,36.375,25.855520000000002,5645400
2001-01-24,36.5,36.78125,36.15625,36.5,25.944366,3137400
2001-01-25,37.09375,38.1875,36.90625,37.78125,26.855083,2904200
2001-01-26,37.8125,37.8125,36.5,36.5625,25.988791,4381000
2001-01-29,37.150002,37.494999,36.799999,36.799999,26.157604,2493800
2001-01-30,37.125,37.400002,36.75,37.209998999999996,26.449034,3231400
2001-01-31,37.5,37.549999,36.935001,37.490002000000004,26.648054,4252400
2001-02-01,37.490002000000004,37.490002000000004,36.52,37.075001,26.353077000000003,2666600
2001-02-02,37.200001,37.5,36.735001000000004,36.98,26.285546999999998,2918800
2001-02-05,37.125,37.48,36.889998999999996,37.099998,26.370848,3123600
2001-02-06,36.974998,38.384997999999996,36.84,37.18,26.427709999999998,3809000
2001-02-07,37.18,37.799999,36.935001,37.130001,26.392179,3239800
2001-02-08,37.174999,37.790001000000004,36.935001,37.505001,26.658721999999997,2037200
2001-02-09,38.0,38.075001,37.294998,37.439999,26.612514,3192600
2001-02-12,37.875,37.895,37.43,37.5,26.655174,2596200
2001-02-13,37.525002,39.025002,37.5,38.700001,27.508136999999998,5008800
2001-02-14,38.625,39.150002,38.275002,38.5,27.445751,3899000
2001-02-15,38.75,39.875,38.724998,39.5,28.158625,4406800
2001-02-16,39.5,39.799999,38.924999,39.125,27.891294,3787000
2001-02-20,39.5,39.775002,39.375,39.375,28.069532000000002,4321800
2001-02-21,39.200001,40.200001,38.924999,39.560001,28.201408,3908000
2001-02-22,39.560001,39.689999,38.75,39.224998,27.962595,5653600
2001-02-23,38.849998,38.904999,38.095001,38.625,27.534871999999996,3859800
2001-02-26,38.200001,39.25,38.060001,39.224998,27.962595,5035000
2001-02-27,39.25,40.0,38.849998,39.825001,28.390318,6928800
2001-02-28,39.875,39.924999,38.299999,38.955002,27.770117,4934800
2001-03-01,38.799999,39.415001000000004,38.34,39.005001,27.805760999999997,4533600
2001-03-02,38.880001,39.459998999999996,38.5,39.025002,27.820028000000004,3744400
2001-03-05,39.5,40.549999,39.400002,40.049999,28.550713000000002,5644400
2001-03-06,40.450001,40.950001,40.09,40.185001,28.64695,5661000
2001-03-07,40.189999,41.200001,40.005001,40.845001,29.117456,3747000
2001-03-08,40.974998,41.25,40.505001,41.040001000000004,29.256477,4535000
2001-03-09,41.040001000000004,41.060001,40.599998,40.849998,29.121019,2645000
2001-03-12,40.599998,40.605,39.125,39.200001,27.944772999999998,4882000
2001-03-13,39.25,39.625,38.724998,39.625,28.247732,5033800
2001-03-14,38.549999,38.875,36.764998999999996,37.5,26.732874,11076600
2001-03-15,38.5,38.525002,37.27,37.875,27.000215999999998,7019600
2001-03-16,38.0,38.119999,35.625,35.715,25.460402,8756000
2001-03-19,35.799999,36.549999,35.625,36.525002,26.037825,5198800
2001-03-20,36.775002,37.224998,35.825001,35.915001000000004,25.602976,4253600
2001-03-21,35.849998,35.855,34.849998,34.860001000000004,24.850899,4205800
2001-03-22,34.75,34.75,32.450001,33.674999,24.006126000000002,9875600
2001-03-23,33.674999,34.200001,32.715,33.5,23.88138,7726200
2001-03-26,34.0,36.25,33.75,35.880001,25.578012,8473800
2001-03-27,35.880001,37.5,35.5,37.23,26.540405,8149000
2001-03-28,36.950001,37.099998,36.099998,36.599998,26.091282,5992200
2001-03-29,36.599998,37.625,36.224998,37.275002,26.572478999999998,4960000
2001-03-30,37.375,37.5,36.375,36.650002,26.126942,4716800
2001-04-02,36.799999,37.424999,36.165001000000004,36.700001,26.16258,4580800
2001-04-03,36.299999,36.564999,35.189999,35.415001000000004,25.246527,5855200
2001-04-04,35.299999,36.369999,35.0,35.700001,25.449703,4320600
2001-04-05,36.299999,37.700001,36.299999,37.575001,26.786346,3674400
2001-04-06,37.0,37.5,36.599998,36.889998999999996,26.298027,3218400
2001-04-09,37.0,37.93,37.0,37.459998999999996,26.704355,2754000
2001-04-10,36.5,37.615002000000004,36.115002000000004,37.299999,26.590303000000002,6334000
2001-04-11,37.125,37.235001000000004,36.169998,36.424999,25.966539,4532200
2001-04-12,36.950001,37.689999,36.625,37.689999,26.868326,2995600
2001-04-16,37.674999,38.325001,37.299999,37.645,26.83625,2628200
2001-04-17,37.525002,38.0,37.150002,37.799999,26.946740999999996,2283800
2001-04-18,38.299999,39.924999,38.150002,39.049999,27.837840999999997,4444000
2001-04-19,38.924999,38.93,38.150002,38.650002,27.552687,4559000
2001-04-20,38.049999,38.599998,38.049999,38.365002000000004,27.349528999999997,3202800
2001-04-23,38.75,38.75,38.139998999999996,38.330002,27.32457,2067200
2001-04-24,38.275002,38.924999,38.25,38.25,27.267542,2580800
2001-04-25,38.375,38.470001,37.474998,38.224998,27.249708000000002,2512200
2001-04-26,38.5,38.950001,38.125,38.5,27.445751,2706800
2001-04-27,38.674999,39.419998,38.48,39.25,27.980417,3008800
2001-04-30,39.375,39.849998,38.959998999999996,39.040001000000004,27.830708,3105800
2001-05-01,39.0,39.375,38.75,39.224998,27.962595,2997200
2001-05-02,39.950001,39.950001,38.724998,39.07,27.852097999999998,3762400
2001-05-03,39.5,39.5,38.724998,39.154999,27.912695000000003,2676200
2001-05-04,39.055,39.599998,38.575001,39.48,28.144372999999998,2267200
2001-05-07,38.950001,39.490002000000004,38.950001,39.200001,27.944772999999998,1910400
2001-05-08,39.32,39.435001,38.235001000000004,38.560001,27.488528999999996,2699400
2001-05-09,38.799999,38.799999,38.25,38.375,27.356651,2838000
2001-05-10,38.75,39.665001000000004,38.674999,39.365002000000004,28.062389000000003,2845400
2001-05-11,39.5,40.0,39.174999,39.549999,28.194277000000003,3047800
2001-05-14,39.950001,39.950001,39.224998,39.439999,28.115862,2160600
2001-05-15,39.849998,39.990002000000004,39.150002,39.700001,28.301208000000003,2874800
2001-05-16,39.625,41.450001,39.505001,41.450001,29.632721000000004,4687000
2001-05-17,41.325001,42.665001000000004,41.275002,42.325001,30.258259000000002,6738800
2001-05-18,42.325001,43.75,42.174999,43.605,31.173321,8325600
2001-05-21,43.25,43.48,42.860001000000004,43.150002,30.848065999999996,4469600
2001-05-22,42.900002,43.174999,42.025002,42.41,30.319014000000003,4713200
2001-05-23,42.535,42.549999,41.860001000000004,42.275002,30.222510999999997,2891200
2001-05-24,42.625,42.84,41.924999,42.115002000000004,30.108121999999998,2915400
2001-05-25,42.119999,42.125,41.0,41.625,29.757828000000003,3180800
2001-05-29,42.0,42.099998,41.450001,41.674999,29.793570000000003,2457200
2001-05-30,41.700001,42.099998,40.785,40.849998,29.203784999999996,3005400
2001-05-31,41.0,41.779999,40.974998,41.654999,29.77928,3076400
2001-06-01,41.5,41.895,40.950001,41.584998999999996,29.729235,2253200
2001-06-04,41.650002,42.325001,41.075001,42.16,30.140296999999997,1534600
2001-06-05,42.325001,42.645,42.16,42.439999,30.340458,3011200
2001-06-06,42.825001,42.825001,41.150002,41.25,29.489727000000002,3329000
2001-06-07,41.375,42.044998,40.790001000000004,41.605,29.74353,3709000
2001-06-08,41.599998,41.599998,40.540001000000004,40.705002,29.100111,3765400
2001-06-11,40.875,40.900002,40.075001,40.240002000000004,28.767683,3348800
2001-06-12,40.240002000000004,40.400002,39.450001,40.209998999999996,28.746243,5236800
2001-06-13,40.209998999999996,40.560001,39.974998,40.130001,28.689039,4244800
2001-06-14,39.5,39.5,38.169998,38.549999,27.5595,13608800
2001-06-15,38.625,38.625,36.994999,37.375,26.719494,12523800
2001-06-18,38.25,39.125,37.955002,38.904999,27.813285999999998,7496600
2001-06-19,39.0,39.0,37.075001,37.375,26.719494,8233200
2001-06-20,37.369999,37.525002,36.625,37.099998,26.522896000000003,7773000
2001-06-21,37.200001,37.529999,36.549999,37.099998,26.522896000000003,8050600
2001-06-22,37.200001,37.224998,36.615002000000004,36.735001000000004,26.26195,4795600
2001-06-25,37.150002,37.424999,36.459998999999996,36.779999,26.294125,5679600
2001-06-26,36.75,37.0,36.209998999999996,36.805,26.311996,4506800
2001-06-27,36.900002,37.125,36.669998,36.689999,26.229772999999998,4635400
2001-06-28,37.25,37.75,37.105,37.150002,26.558626,5667200
2001-06-29,37.0,37.125,36.25,36.630001,26.186884,7790600
2001-07-02,36.525002,36.525002,35.299999,35.540001000000004,25.40765,6228000
2001-07-03,35.5,36.48,35.459998999999996,36.474998,26.076073,3681600
2001-07-05,36.724998,36.799999,36.150002,36.305,25.954538,4423800
2001-07-06,36.650002,36.700001,36.314999,36.424999,26.040331,4059400
2001-07-09,36.5,36.560001,36.244999,36.360001000000004,25.993868,3537200
2001-07-10,36.5,36.525002,35.549999,35.950001,25.700743,3425200
2001-07-11,35.974998,36.400002,35.650002,35.845001,25.625694,3965600
2001-07-12,36.400002,37.325001,36.075001,37.200001,26.594389000000003,4413400
2001-07-13,37.200001,37.720001,36.700001,37.575001,26.862463,2941400
2001-07-16,37.575001,37.650002,37.25,37.5,26.808854999999998,2159800
2001-07-17,37.650002,38.605,37.599998,38.279999,27.366486,3849400
2001-07-18,37.75,37.755001,37.314999,37.625,26.898207,7274000
2001-07-19,38.25,38.474998,37.400002,37.935001,27.119844,2946800
2001-07-20,38.0,38.299999,37.974998,38.049999,27.202042,3296200
2001-07-23,38.099998,38.240002000000004,37.619999,37.700001,26.951832,2544600
2001-07-24,37.700001,37.700001,36.794998,36.935001,26.404928,3598600
2001-07-25,37.424999,37.424999,36.459998999999996,36.884997999999996,26.369186,5533400
2001-07-26,36.849998,36.875,36.310001,36.59,26.158282999999997,4596600
2001-07-27,36.625,36.700001,36.119999,36.59,26.158282999999997,3707000
2001-07-30,36.650002,36.75,36.055,36.240002000000004,25.908079,2889400
2001-07-31,36.450001,36.775002,36.34,36.700001,26.236922999999997,3833400
2001-08-01,37.0,37.0,36.025002,36.18,25.865171,4390600
2001-08-02,36.5,36.575001,35.875,36.139998999999996,25.836584,5905400
2001-08-03,36.325001,36.375,35.560001,36.125,25.825859,2170600
2001-08-06,36.125,36.549999,36.099998,36.255001,25.918789,2310200
2001-08-07,36.349998,36.674999,36.224998,36.529999,26.115387,3360200
2001-08-08,36.575001,36.625,35.599998,35.715,25.532743,2702400
2001-08-09,35.825001,36.349998,35.5,36.349998,25.986712,3795600
2001-08-10,36.224998,37.290001000000004,36.075001,36.990002000000004,26.444244,3152600
2001-08-13,36.994999,37.07,36.325001,36.490002000000004,26.086798,2608200
2001-08-14,36.875,36.900002,36.075001,36.34,25.979572,1996600
2001-08-15,36.5,36.5,35.314999,35.419998,25.321859,3963200
2001-08-16,35.200001,36.799999,35.200001,36.799999,26.308421999999997,4429400
2001-08-17,37.0,37.0,35.75,35.875,25.647121,2482600
2001-08-20,36.0,36.805,35.834998999999996,36.779999,26.294125,2685000
2001-08-21,36.529999,37.18,35.924999,36.049999,25.77224,4323800
2001-08-22,36.435001,36.66,36.025002,36.424999,26.121845,3486600
2001-08-23,36.43,36.634997999999996,36.400002,36.450001,26.139774,2761000
2001-08-24,36.5,36.66,36.134997999999996,36.494999,26.172045,5552800
2001-08-27,36.494999,36.575001,36.375,36.380001,26.089575,2064400
2001-08-28,36.255001,36.349998,35.549999,35.549999,25.494349,3775600
2001-08-29,35.555,35.610001000000004,34.25,34.5,24.741356,9971000
2001-08-30,34.474998,34.625,33.555,33.740002000000004,24.196331,8391600
2001-08-31,33.939999,34.25,33.720001,34.200001,24.526213000000002,5234000
2001-09-04,34.450001,34.845001,33.904999,33.924999,24.328995000000003,7207200
2001-09-05,34.0,34.299999,33.645,33.974998,24.364859,5175600
2001-09-06,34.0,34.299999,33.630001,33.880001,24.296728,3869200
2001-09-07,33.650002,33.650002,32.43,32.82,23.536551,6650000
2001-09-10,33.5,33.634997999999996,32.875,33.099998,23.737349,9703000
2001-09-17,28.0,28.15,23.75,24.450001,17.534088,39788400
2001-09-18,24.049999,25.01,24.0,24.535,17.595043,21604800
2001-09-19,24.325001,24.35,22.424999,23.825001,17.085873,15844200
2001-09-20,23.25,23.35,20.745001000000002,20.82,14.930867000000001,19237800
2001-09-21,20.825001,22.125,20.049999,21.125,15.149588,18840600
2001-09-24,21.105,22.875,21.105,22.299999,15.992238,13479800
2001-09-25,22.305,23.445,22.200001,23.4,16.78109,13157400
2001-09-26,23.450001,23.455,22.040001,22.325001,16.01016,6462000
2001-09-27,22.325001,22.625,21.674999,22.625,16.225307,6578800
2001-09-28,22.75,23.575001,22.35,23.25,16.673525,8137600
2001-10-01,23.1,23.735001,22.85,23.625,16.94245,6708600
2001-10-02,23.620001000000002,24.6,23.445,24.48,17.555609,6811600
2001-10-03,24.475,25.84,24.25,25.535,18.312185,7139600
2001-10-04,25.875,26.75,25.549999,26.15,18.753223000000002,9049400
2001-10-05,26.125,26.450001,25.5,25.85,18.538082,6200000
2001-10-08,25.82,26.174999,25.525,25.950001,18.6098,4721200
2001-10-09,25.875,25.940001000000002,25.15,25.5,18.287088,5209000
2001-10-10,25.6,26.295,25.525,26.1,18.717365,5956600
2001-10-11,26.75,26.950001,26.200001,26.35,18.896654,6434600
2001-10-12,26.15,26.200001,25.625,25.92,18.588285,6054200
2001-10-15,26.25,26.525,25.93,26.51,19.0114,5254600
2001-10-16,26.950001,27.549999,26.775,27.0,19.362797,8047800
2001-10-17,27.049999,27.08,25.93,26.0,18.645651,6426200
2001-10-18,25.725,25.73,24.99,25.200001,18.071935999999997,6510000
2001-10-19,25.299999,25.965,25.1,25.950001,18.6098,4925000
2001-10-22,25.775,26.6,25.674999,26.379998999999998,18.918169,3930400
2001-10-23,26.625,26.775,26.1,26.475,18.986296,4060800
2001-10-24,26.469998999999998,26.9,25.895,26.639999,19.104623999999998,4203800
2001-10-25,26.424999,27.35,25.85,27.235001,19.531334,4368400
2001-10-26,27.235001,28.620001000000002,27.235001,28.504998999999998,20.442080999999998,6878800
2001-10-29,28.5,28.504998999999998,27.059998999999998,27.219998999999998,19.520567,7639800
2001-10-30,27.0,27.004998999999998,26.25,26.73,19.169163,4389600
2001-10-31,26.73,27.504998999999998,26.73,26.945,19.323351000000002,6624000
2001-11-01,26.950001,27.125,26.35,26.85,19.255226,4520600
2001-11-02,26.625,27.34,26.525,27.139999,19.4632,3800400
2001-11-05,27.200001,27.809998999999998,27.135,27.629998999999998,19.8146,4660600
2001-11-06,27.625,28.424999,27.215,28.33,20.316589,3660400
2001-11-07,28.23,28.475,27.75,27.799999,19.936508,4939800
2001-11-08,28.174999,28.825001,28.049999,28.424999,20.384724,4368000
2001-11-09,28.4,28.700001,28.25,28.530001000000002,20.460024,2736000
2001-11-12,28.0,28.004998999999998,26.700001,27.65,19.828948999999998,8696800
2001-11-13,28.375,28.745001000000002,28.125,28.475,20.420579999999998,4662800
2001-11-14,28.75,29.135,28.49,29.09,20.944370000000003,4818400
2001-11-15,28.75,29.18,28.75,28.875,20.789572,4327600
2001-11-16,28.875,29.415001,28.66,29.190001000000002,21.016367000000002,3592600
2001-11-19,29.25,29.875,29.15,29.725,21.40156,3418200
2001-11-20,29.700001,29.700001,29.120001000000002,29.4,21.167566,3738200
2001-11-21,29.4,29.525,28.77,29.405001000000002,21.171165,2566400
2001-11-23,29.325001,29.9,29.280001000000002,29.775,21.437555,1106000
2001-11-26,29.325001,30.225,29.325001,30.225,21.761551,4065000
2001-11-27,30.0,30.125,29.625,29.91,21.534754,3393200
2001-11-28,29.549999,30.15,29.450001,29.57,21.289960999999998,3727000
2001-11-29,29.575001,30.799999,29.450001,30.775,22.157545000000002,4988400
2001-11-30,30.75,30.875,29.950001,30.1,21.671554999999998,6091000
2001-12-03,29.625,29.754998999999998,29.305,29.455,21.207159,5503400
2001-12-04,30.0,30.5,29.725,30.455,21.927143,3566200
2001-12-05,30.575001,31.0,30.15,30.825001,22.193548,5358400
2001-12-06,30.950001,30.950001,30.525,30.9,22.24754,3690400
2001-12-07,30.809998999999998,30.959999,30.43,30.540001,21.988344,2601800
2001-12-10,30.15,31.110001,30.135,30.23,21.76515,2848600
2001-12-11,30.235001,30.745001000000002,30.23,30.469998999999998,21.937952,3110000
2001-12-12,30.459999,30.459999,29.65,29.75,21.419558,5387600
2001-12-13,30.375,30.780001000000002,30.125,30.325001,21.833546,8144600
2001-12-14,30.450001,31.035,30.254998999999998,30.73,22.125142999999998,7459800
2001-12-17,31.125,31.809998999999998,31.125,31.424999,22.625529999999998,6406400
2001-12-18,31.475,31.875,31.379998999999998,31.68,22.809128,4751600
2001-12-19,31.555,32.605,31.34,32.305,23.259117,5484200
2001-12-20,32.400002,32.439999,31.5,31.665001,22.798326,4276000
2001-12-21,31.950001,32.380001,31.834999,31.85,22.931534,6830000
2001-12-24,32.099998,32.375,32.029999,32.029999,23.061127,1386000
2001-12-26,32.049999,32.68,32.044998,32.275002,23.237528,2565600
2001-12-27,32.32,32.860001000000004,32.224998,32.779999,23.601112,2618600
2001-12-28,32.900002,32.950001,32.310001,32.424999,23.345528,3097800
2001-12-31,32.549999,32.75,32.314999,32.314999,23.266319,3422600
2002-01-02,32.349998,32.529999,31.780001000000002,32.169998,23.161922,3479200
2002-01-03,32.400002,33.029999,32.279999,33.0,23.759520000000002,4345400
2002-01-04,33.005001,33.564999,32.799999,32.91,23.694719,4125400
2002-01-07,32.950001,33.075001,32.535,32.924999,23.705510999999998,4442400
2002-01-08,32.924999,33.02,32.305,32.419998,23.341919,3677800
2002-01-09,32.674999,33.445,32.424999,32.584998999999996,23.460718,5462800
2002-01-10,32.709998999999996,32.775002,32.110001000000004,32.174999,23.165523999999998,4538000
2002-01-11,32.474998,32.615002000000004,31.815001000000002,31.92,22.981924,4450400
2002-01-14,31.450001,31.705,31.120001000000002,31.120001000000002,22.405939,6874000
2002-01-15,31.120001000000002,31.325001,30.299999,30.559998999999998,22.002741,7516000
2002-01-16,30.645,30.645,29.655001000000002,29.684998999999998,21.372757,5697200
2002-01-17,30.625,31.775,30.145,31.674999,22.805529,8704800
2002-01-18,31.674999,31.975,31.334999,31.825001,22.913527,4640200
2002-01-22,32.049999,32.650002,32.049999,32.375,23.309515,4622000
2002-01-23,32.5,32.674999,32.0,32.099998,23.111523000000002,5001600
2002-01-24,32.150002,33.325001,32.099998,32.775002,23.597517,4826200
2002-01-25,33.0,33.439999,32.825001,33.200001,23.903509,4138400
2002-01-28,33.150002,33.970001,33.150002,33.860001000000004,24.378693,6008400
2002-01-29,33.950001,33.994999,33.0,33.0,23.759520000000002,6094200
2002-01-30,33.125,33.174999,31.75,32.98,23.745108,7634800
2002-01-31,33.23,34.419998,32.974998,34.365002000000004,24.742292000000003,6519400
2002-02-01,34.5,35.025002,34.154999,35.025002,25.217478,7032200
2002-02-04,34.424999,34.560001,33.470001,33.494999,24.115906,5479600
2002-02-05,33.5,34.424999,33.360001000000004,33.685001,24.252707,6375200
2002-02-06,33.875,34.044998,33.759997999999996,33.900002,24.407498999999998,5948200
2002-02-07,33.924999,34.09,33.439999,33.689999,24.2563,3501600
2002-02-08,33.564999,34.424999,33.375,34.040001000000004,24.508298999999997,2990000
2002-02-11,34.349998,34.82,34.27,34.549999,24.875488,5695400
2002-02-12,34.450001,34.529999,34.07,34.200001,24.623499,3852400
2002-02-13,34.125,34.994999,34.099998,34.955002,25.257561,3241000
2002-02-14,35.0,35.125,34.720001,34.740002000000004,25.102198,4159000
2002-02-15,35.0,35.049999,34.57,34.634997999999996,25.026323,3686600
2002-02-19,34.759997999999996,34.785,34.080002,34.105,24.643372,3462800
2002-02-20,34.110001000000004,35.200001,34.029999,35.0,25.290066,5073400
2002-02-21,35.0,35.099998,34.400002,34.575001,24.982975,5710600
2002-02-22,34.575001,35.049999,34.349998,34.849998,25.181681,4745400
2002-02-25,34.849998,35.25,34.75,35.025002,25.308132,8270800
2002-02-26,35.450001,35.974998,35.099998,35.900002,25.940382,8465600
2002-02-27,36.0,36.950001,35.875,36.474998,26.35585,7065400
2002-02-28,36.900002,37.474998,36.424999,36.474998,26.35585,6903600
2002-03-01,36.424999,37.375,36.25,37.099998,26.807467,5839600
2002-03-04,37.105,38.875,37.105,38.625,27.909397,6993200
2002-03-05,38.450001,38.455002,36.674999,36.950001,26.699081,12723200
2002-03-06,36.950001,37.549999,36.855,37.5,27.096504,7921200
2002-03-07,37.674999,37.674999,36.52,37.345001,26.984499,5522000
2002-03-08,37.650002,37.950001,37.294998,37.66,27.212112,5351800
2002-03-11,37.66,38.119999,37.349998,37.845001,27.345793,4286200
2002-03-12,37.625,37.790001000000004,37.145,37.5,27.096504,3899000
2002-03-13,37.5,37.5,36.924999,36.945,26.695477,3999800
2002-03-14,37.0,37.474998,36.794998,37.325001,26.970049,3959600
2002-03-15,37.325001,37.41,36.849998,37.174999,26.861665999999996,8160000
2002-03-18,37.025002,37.195,36.200001,36.849998,26.626827000000002,5309600
2002-03-19,37.049999,37.375,36.825001,37.049999,26.771332,4033000
2002-03-20,37.049999,37.150002,36.575001,36.610001000000004,26.453407000000002,3300800
2002-03-21,36.5,36.634997999999996,36.075001,36.48,26.359474,3739200
2002-03-22,36.355,36.455002,35.91,36.424999,26.319733000000003,4783200
2002-03-25,36.549999,36.625,35.799999,35.849998,25.904253,3454400
2002-03-26,35.849998,36.474998,35.75,36.0,26.012635999999997,4100200
2002-03-27,35.900002,37.075001,35.889998999999996,36.875,26.644884,5119400
2002-03-28,36.950001,37.799999,36.900002,37.099998,26.807467,4197200
2002-04-01,37.0,37.224998,36.25,37.150002,26.843594,3865000
2002-04-02,37.0,37.415001000000004,36.689999,37.119999,26.821926,3193200
2002-04-03,37.0,37.275002,36.240002000000004,36.424999,26.319733000000003,3418200
2002-04-04,36.474998,36.755001,36.299999,36.73,26.540121000000003,3626800
2002-04-05,36.900002,37.075001,36.125,36.400002,26.30167,3686000
2002-04-08,36.25,37.02,36.07,36.974998,26.717146000000003,3250000
2002-04-09,36.974998,37.27,36.400002,36.450001,26.337805,3329000
2002-04-10,36.674999,37.775002,36.615002000000004,37.5,27.096504,5394600
2002-04-11,37.325001,37.544998,36.900002,37.174999,26.861665999999996,4751200
2002-04-12,37.25,37.325001,36.395,36.395,26.298059000000002,5156800
2002-04-15,36.5,36.625,35.924999,35.924999,25.958448,4084600
2002-04-16,36.424999,36.740002000000004,36.099998,36.540001000000004,26.402829999999998,4393800
2002-04-17,36.375,36.375,34.740002000000004,34.900002,25.217812,13422200
2002-04-18,34.974998,35.25,33.25,33.625,24.296528,17773200
2002-04-19,34.0,34.5,33.459998999999996,34.474998,24.910706,10570600
2002-04-22,34.5,34.990002000000004,34.200001,34.875,25.199747,6314800
2002-04-23,34.75,34.924999,34.349998,34.625,25.019108,5075800
2002-04-24,34.5,34.895,34.169998,34.220001,24.72646,5634400
2002-04-25,34.075001,34.639998999999996,33.525002,34.575001,24.982975,5308600
2002-04-26,34.575001,35.02,34.125,34.174999,24.693943,4706000
2002-04-29,34.299999,34.955002,33.875,33.950001,24.531370000000003,4218000
2002-04-30,34.375,35.490002000000004,34.055,35.084998999999996,25.351485999999998,5558000
2002-05-01,34.75,35.494999,33.970001,35.305,25.510456,5456000
2002-05-02,34.775002,35.060001,34.450001,34.755001,25.113035,5098800
2002-05-03,34.880001,34.974998,34.25,34.814999,25.156387,3345600
2002-05-06,34.775002,34.775002,33.599998,33.669998,24.329039,3894800
2002-05-07,33.825001,34.889998999999996,33.825001,34.075001,24.621685,7028000
2002-05-08,34.599998,35.299999,34.549999,35.150002,25.398447,4266000
2002-05-09,34.875,35.099998,34.720001,34.75,25.109425,5314400
2002-05-10,34.900002,35.0,34.375,34.375,24.838463,4685600
2002-05-13,34.599998,35.049999,34.349998,34.775002,25.127497,4226600
2002-05-14,35.375,35.5,35.049999,35.450001,25.615223,4240400
2002-05-15,35.325001,35.544998,35.125,35.224998,25.540910999999998,3097800
2002-05-16,35.23,35.404999,34.865002000000004,34.924999,25.323389000000002,4622800
2002-05-17,35.049999,35.189999,34.775002,35.150002,25.486526,4712200
2002-05-20,35.025002,35.075001,34.400002,34.650002,25.12398,3724800
2002-05-21,34.900002,35.095001,33.700001,34.005001,24.656303,4177200
2002-05-22,34.075001,34.349998,33.700001,34.139998999999996,24.754194000000002,3117200
2002-05-23,34.5,34.700001,33.599998,34.599998,25.087723,3518200
2002-05-24,34.599998,34.720001,34.450001,34.560001,25.058725,3570600
2002-05-28,34.525002,34.599998,34.080002,34.16,24.768694,2880600
2002-05-29,34.049999,34.349998,33.900002,34.099998,24.725197,2553600
2002-05-30,34.0,34.200001,33.57,34.150002,24.761442000000002,3489000
2002-05-31,34.25,34.625,34.110001000000004,34.435001,24.968096,5142200
2002-06-03,34.400002,34.549999,32.950001,33.099998,24.000113,5079600
2002-06-04,33.25,33.299999,32.625,33.080002,23.985617,4603400
2002-06-05,33.200001,34.400002,33.084998999999996,34.259997999999996,24.841202,4841200
2002-06-06,34.25,34.299999,33.880001,33.974998,24.634563,5615400
2002-06-07,33.650002,34.395,33.599998,34.18,24.783194,4604600
2002-06-10,34.375,34.875,34.195,34.544998,25.047848000000002,3413400
2002-06-11,34.799999,35.099998,34.200001,34.360001000000004,24.913710000000002,4744000
2002-06-12,34.299999,34.974998,34.115002000000004,34.974998,25.359631,4203400
2002-06-13,34.875,34.974998,34.349998,34.375,24.924587,3389000
2002-06-14,33.950001,34.415001000000004,33.400002,34.125,24.74332,4866000
2002-06-17,34.130001,34.900002,34.125,34.740002000000004,25.189247,5128000
2002-06-18,34.549999,35.115002000000004,34.450001,34.924999,25.323389000000002,3122400
2002-06-19,34.799999,35.5,34.645,34.955002,25.345139,5115400
2002-06-20,34.974998,35.325001,34.400002,34.400002,24.942722,4217200
2002-06-21,33.974998,34.150002,32.849998,32.875,23.836967,8891400
2002-06-24,32.299999,33.549999,32.0,33.25,24.108877,7386400
2002-06-25,33.25,33.740002000000004,32.974998,33.025002,23.945738000000002,5793000
2002-06-26,32.650002,32.849998,31.950001,32.424999,23.510680999999998,5747400
2002-06-27,32.625,33.450001,32.41,33.450001,24.253897,5664400
2002-06-28,33.25,34.255001,33.25,33.950001,24.616429999999998,4671000
2002-07-01,33.875,33.895,33.0,33.16,24.043620999999998,3912400
2002-07-02,33.16,33.16,32.375,32.549999,23.601322,4746400
2002-07-03,32.700001,32.91,31.825001,32.415001000000004,23.503432999999998,3439000
2002-07-05,33.700001,34.625,33.575001,34.625,25.10586,3379800
2002-07-08,34.625,34.869999,33.875,34.049999,24.688927,3998600
2002-07-09,33.974998,34.349998,33.43,33.450001,24.253897,3662800
2002-07-10,33.700001,33.834998999999996,31.75,32.099998,23.275032,4853600
2002-07-11,32.0,32.599998,31.32,32.095001,23.271407999999997,6860400
2002-07-12,32.095001,32.400002,31.115,31.655001000000002,22.952375,5014200
2002-07-15,31.549999,31.6,29.950001,31.174999,22.604333999999998,6624800
2002-07-16,31.0,31.450001,30.299999,30.950001,22.441187,6003000
2002-07-17,32.0,32.549999,31.35,32.474998,23.54693,10535000
2002-07-18,32.474998,33.125,32.049999,32.224998,23.365667000000002,7282800
2002-07-19,32.224998,32.224998,30.74,30.82,22.346931,7186200
2002-07-22,30.875,31.575001,29.305,30.0,21.752373000000002,8175800
2002-07-23,30.5,31.299999,30.15,30.639999,22.216413,8042400
2002-07-24,30.5,32.57,29.959999,32.25,23.383799,8171600
2002-07-25,32.255001,33.0,31.4,32.75,23.74634,7426200
2002-07-26,33.125,33.125,32.099998,32.895,23.851471,4087000
2002-07-29,33.150002,35.099998,33.150002,35.049999,25.414017,5768800
2002-07-30,35.0,36.029999,34.764998999999996,35.5,25.740294,8523800
2002-07-31,35.099998,35.240002000000004,34.07,34.75,25.196487,6428200
2002-08-01,34.625,34.625,33.900002,33.974998,24.634563,4522200
2002-08-02,34.0,34.310001,32.25,32.855,23.822474,5937000
2002-08-05,32.855,32.855,31.370001000000002,31.549999,22.876238,6853600
2002-08-06,32.150002,32.974998,32.049999,32.599998,23.637570999999998,6461200
2002-08-07,32.900002,33.674999,32.41,33.580002,24.34815,4914000
2002-08-08,33.799999,34.645,33.529999,34.459998999999996,24.986221,6480000
2002-08-09,34.0,34.619999,33.900002,34.450001,24.978966,4010200
2002-08-12,33.950001,34.459998999999996,33.575001,34.224998,24.815821,3328800
2002-08-13,33.849998,33.855,31.209999,31.235001,22.64784,12986400
2002-08-14,31.049999,31.174999,29.055,30.674999,22.241792999999998,18265000
2002-08-15,30.5,31.1,29.5,30.875,22.386808,13202000
2002-08-16,31.25,31.75,30.5,30.620001000000002,22.201916,6923200
2002-08-19,30.655001000000002,31.700001,30.275,31.629998999999998,22.93425,7987800
2002-08-20,31.555,31.700001,31.049999,31.275,22.676849,5212800
2002-08-21,31.4,31.6,30.299999,30.629998999999998,22.296494,5790400
2002-08-22,30.85,31.395,30.424999,31.125,22.656826000000002,4812400
2002-08-23,31.025,31.299999,30.094998999999998,30.24,22.012608,3310200
2002-08-26,30.24,30.305,29.08,29.940001000000002,21.794224,5249800
2002-08-27,30.4,30.83,29.950001,30.200001,21.98349,6550200
2002-08-28,30.1,30.17,29.32,29.645,21.579489000000002,4119600
2002-08-29,29.25,29.74,28.695,29.379998999999998,21.386585,4985000
2002-08-30,29.424999,30.225,29.25,29.695,21.615883,3802000
2002-09-03,29.450001,29.450001,28.25,28.34,20.629541,5881200
2002-09-04,28.200001,29.055,27.825001,29.0,21.109976,5385400
2002-09-05,28.75,28.995001000000002,28.075001,28.445,20.705975,4661200
2002-09-06,28.700001,29.525,28.700001,29.334999,21.35383,3450400
2002-09-09,29.225,29.924999,28.645,29.565001000000002,21.521254000000003,3833600
2002-09-10,29.674999,30.75,29.4,30.605,22.278299,6379000
2002-09-11,31.25,31.344998999999998,30.825001,31.16,22.682304000000002,5520600
2002-09-12,31.049999,31.1,30.525,30.549999,22.238262,5023200
2002-09-13,29.700001,29.805,28.545,29.0,21.109976,8642400
2002-09-16,28.875,29.99,28.85,29.9,21.76511,5630400
2002-09-17,30.0,30.049999,28.940001000000002,29.075001,21.164564000000002,5477000
2002-09-18,28.85,29.049999,28.549999,28.799999,20.964388,5411200
2002-09-19,28.424999,28.995001000000002,28.290001,28.6,20.818801999999998,4418800
2002-09-20,29.0,29.5,28.905001000000002,29.115,21.193686,6899200
2002-09-23,28.549999,28.940001000000002,28.174999,28.705,20.895236999999998,4230800
2002-09-24,28.5,28.700001,27.75,27.99,20.374769,5555800
2002-09-25,28.375,28.950001,27.85,28.82,20.978947,6036400
2002-09-26,28.889999,30.295,28.82,30.025,21.856096,7036400
2002-09-27,29.549999,29.665001,28.299999,28.334999,20.6259,6015400
2002-09-30,28.334999,28.75,27.620001000000002,28.245001000000002,20.560382999999998,5661600
2002-10-01,28.5,29.610001,28.275,29.530001000000002,21.495785,5602200
2002-10-02,29.450001,29.475,27.959999,28.1,20.454838,5063200
2002-10-03,28.375,28.799999,27.625,27.719998999999998,20.178223000000003,5445000
2002-10-04,28.0,28.200001,26.23,26.24,19.100885,8491400
2002-10-07,26.125,26.575001,25.674999,25.68,18.693254,6823200
2002-10-08,25.9,26.280001000000002,24.73,25.639999,18.664127,7638600
2002-10-09,25.25,25.549999,24.415001,24.594998999999998,17.903439000000002,6361800
2002-10-10,24.594998999999998,26.195,24.5,26.075001,18.980774,7488600
2002-10-11,26.08,28.125,26.08,27.530001000000002,20.039917000000003,6725200
2002-10-14,27.1,27.254998999999998,26.52,26.825001,19.526726,4666800
2002-10-15,27.975,28.424999,27.4,27.615,20.101791,7080400
2002-10-16,27.615,28.125,27.15,27.315001000000002,19.883411,5565400
2002-10-17,28.75,30.245001000000002,27.9,30.0,21.837902,11775400
2002-10-18,29.950001,30.870001000000002,29.625,30.365,22.103598,10611400
2002-10-21,30.190001000000002,31.950001,30.0,31.799999,23.148184,7819600
2002-10-22,31.049999,31.290001,30.434998999999998,30.645,22.307411,6061600
2002-10-23,30.52,31.0,29.549999,30.9,22.493038000000002,6597000
2002-10-24,31.375,31.549999,29.950001,30.25,22.01989,4486200
2002-10-25,30.25,31.065001000000002,29.719998999999998,30.975,22.547642,4802800
2002-10-28,30.975,31.049999,29.73,29.975,21.819704,4491600
2002-10-29,30.15,30.825001,29.635,30.625,22.29286,4852600
2002-10-30,30.875,31.575001,30.700001,31.33,22.806047,5112000
2002-10-31,31.299999,31.6,30.299999,30.834999,22.445726,4677800
2002-11-01,30.424999,31.299999,30.299999,31.174999,22.69322,3594400
2002-11-04,31.690001000000002,32.41,31.120001000000002,31.35,22.820608,5353000
2002-11-05,31.525,31.969998999999998,31.475,31.865,23.19549,4035000
2002-11-06,32.349998,33.105,32.150002,32.915001000000004,23.959818,5768400
2002-11-07,32.75,32.75,31.860001,31.945,23.253733,5295600
2002-11-08,32.224998,32.494999,31.395,31.504998999999998,22.933429999999998,10051800
2002-11-11,31.0,31.129998999999998,30.34,30.455,22.169113,4642600
2002-11-12,30.75,31.440001000000002,30.75,31.110001,22.645905,4148800
2002-11-13,31.115,31.434998999999998,30.525,31.025,22.673306,3950800
2002-11-14,31.5,31.799999,30.594998999999998,31.325001,22.892553,4532800
2002-11-15,31.33,31.745001000000002,30.875,31.51,23.02776,3692000
2002-11-18,31.700001,31.77,30.790001,30.790001,22.501568,3156200
2002-11-19,30.875,31.225,30.450001,31.049999,22.691584,4732200
2002-11-20,31.049999,31.945,31.049999,31.725,23.184881,3178800
2002-11-21,32.125,32.884997999999996,31.9,32.595001,23.820683,4714800
2002-11-22,32.599998,32.599998,31.809998999999998,31.809998999999998,23.246996,4966800
2002-11-25,31.809998999999998,32.494999,31.66,32.404999,23.681820000000002,3286600
2002-11-26,32.0,32.349998,31.325001,31.514999,23.031406,4901000
2002-11-27,31.549999,32.07,31.450001,31.915001,23.323729,6078800
2002-11-29,31.85,31.85,31.15,31.235001,22.826782,2761200
2002-12-02,31.9,32.325001,31.245001000000002,31.594998999999998,23.089878,6115000
2002-12-03,31.15,31.625,30.549999,30.775,22.490606,5857000
2002-12-04,30.9,31.700001,30.855,31.375,22.929098,4953400
2002-12-05,31.105,31.125,30.405001000000002,30.58,22.348106,5083000
2002-12-06,30.125,31.34,30.004998999999998,31.004998999999998,22.658697,4162400
2002-12-09,30.605,30.905001000000002,30.125,30.299999,22.143473,3970200
2002-12-10,30.375,30.545,29.610001,30.450001,22.253103,3676200
2002-12-11,30.040001,30.85,29.825001,30.645,22.395605,3899800
2002-12-12,30.700001,31.125,30.35,31.08,22.713501,3964400
2002-12-13,30.950001,30.950001,30.049999,30.049999,21.960781,4099600
2002-12-16,30.049999,31.174999,29.969998999999998,31.165001,22.775627,4640400
2002-12-17,30.825001,31.184998999999998,30.700001,30.875,22.563685999999997,4481800
2002-12-18,30.6,31.245001000000002,30.115,30.84,22.538110999999997,4760200
2002-12-19,30.6,31.065001000000002,30.375,30.674999,22.41753,4212200
2002-12-20,31.040001,31.18,30.565001000000002,31.055,22.695234,5671200
2002-12-23,30.625,31.0,30.525,30.799999,22.508882999999997,2993000
2002-12-24,30.6,30.934998999999998,30.594998999999998,30.75,22.472334,1295400
2002-12-26,30.635,31.275,30.6,30.754998999999998,22.475994,2026000
2002-12-27,31.09,31.190001000000002,30.375,30.49,22.282331,2550800
2002-12-30,30.57,30.785,30.25,30.719998999999998,22.450417,3428600
2002-12-31,30.865,31.030001000000002,30.42,30.969998999999998,22.633118,3013200
2003-01-02,31.15,31.860001,31.0,31.705,23.170261,4161600
2003-01-03,31.83,32.32,31.5,32.205002,23.535666,4205200
2003-01-06,32.485001000000004,32.924999,32.375,32.5,23.751263,5217600
2003-01-07,32.125,32.439999,31.754998999999998,31.815001000000002,23.250654,4859200
2003-01-08,31.82,31.985001,31.35,31.625,23.111792,4923600
2003-01-09,31.75,32.529999,31.65,32.470001,23.729328,4332600
2003-01-10,32.075001,32.325001,31.735001,32.16,23.502771,4171200
2003-01-13,32.244999,32.424999,31.84,32.07,23.437,2629000
2003-01-14,32.075001,32.154999,31.635,32.154999,23.499123,3565200
2003-01-15,31.950001,32.200001,31.775,32.200001,23.532010999999997,3252600
2003-01-16,32.650002,33.445,32.625,33.105,24.193388,7420800
2003-01-17,33.0,33.130001,32.755001,32.849998,24.00703,6024600
2003-01-21,33.349998,33.349998,32.494999,32.494999,23.747601,4908400
2003-01-22,32.494999,32.494999,31.629998999999998,31.9,23.312770999999998,5107000
2003-01-23,32.25,32.700001,32.02,32.700001,23.897413,4176400
2003-01-24,32.325001,32.535,31.865,31.950001,23.349314,4637000
2003-01-27,31.525,31.860001,31.299999,31.424999,22.965631,4089400
2003-01-28,31.450001,32.005001,31.200001,31.924999,23.331042999999998,5051200
2003-01-29,31.93,32.305,31.200001,31.975,23.367582000000002,4297200
2003-01-30,31.895,32.439999,31.450001,31.549999,23.056992,4505200
2003-01-31,31.275,32.154999,31.275,31.790001,23.232374,6111000
2003-02-03,32.025002,32.849998,31.955,32.424999,23.696442,5647400
2003-02-04,32.200001,32.419998,31.82,32.209998999999996,23.539314,3493600
2003-02-05,32.514998999999996,32.814999,32.044998,32.044998,23.418743,3843400
2003-02-06,32.125,32.474998,31.674999,31.950001,23.349314,4926400
2003-02-07,32.349998,32.349998,31.700001,31.834999,23.265263,4425000
2003-02-10,31.825001,32.174999,31.389999,31.99,23.378544,6086800
2003-02-11,31.995001000000002,32.125,31.135,31.309998999999998,22.881592,6459800
2003-02-12,31.315001000000002,31.315001000000002,29.98,30.25,22.193766,7575600
2003-02-13,30.25,30.25,29.275,29.805,21.867281,7348400
2003-02-14,30.049999,31.105,29.5,30.975,22.725685000000002,6359200
2003-02-18,31.15,31.645,30.725,30.945,22.703672,4343200
2003-02-19,30.875,31.190001000000002,30.75,31.1,22.8174,4532200
2003-02-20,31.225,31.25,30.049999,30.375,22.285470999999998,4835400
2003-02-21,30.75,30.9,30.035,30.76,22.56794,4776400
2003-02-24,30.799999,30.799999,29.805,29.82,21.878294,4452000
2003-02-25,29.5,29.9,29.254998999999998,29.775,21.845272,6001000
2003-02-26,29.85,29.85,28.924999,28.969998999999998,21.254662,6149000
2003-02-27,28.969998999999998,29.5,28.9,29.32,21.511452,5249400
2003-02-28,29.5,29.725,28.975,29.290001,21.489441,4292800
2003-03-03,29.295,29.299999,28.75,28.9,21.203298999999998,4687200
2003-03-04,28.775,28.905001000000002,28.475,28.49,20.9025,5026800
2003-03-05,28.325001,28.545,28.200001,28.389999,20.829132,4605200
2003-03-06,28.49,28.6,27.879998999999998,28.139999,20.64571,5267600
2003-03-07,27.575001,28.594998999999998,27.575001,28.559998999999998,20.953857,5711200
2003-03-10,28.125,28.365,27.9,27.985001,20.531992000000002,4449400
2003-03-11,27.985001,27.995001000000002,27.115,27.115,19.893679000000002,6419400
2003-03-12,27.120001000000002,27.455,26.754998999999998,27.075001,19.86434,7243400
2003-03-13,27.6,28.73,27.52,28.68,21.041892999999998,7448800
2003-03-14,29.125,29.815001000000002,28.885,29.434998999999998,21.595823,7864800
2003-03-17,28.799999,30.5,28.5,30.49,22.369846,7946400
2003-03-18,30.725,31.059998999999998,30.344998999999998,30.875,22.652317,5646400
2003-03-19,30.875,31.18,30.625,30.9,22.67066,5842000
2003-03-20,30.9,31.235001,30.139999,30.6,22.450554,6044200
2003-03-21,31.25,31.99,30.75,31.99,23.470367,8488800
2003-03-24,31.264999,31.325001,30.575001,30.745001000000002,22.556948000000002,6204000
2003-03-25,30.924999,31.15,30.625,30.799999,22.597292000000003,5535200
2003-03-26,30.725,30.98,30.434998999999998,30.639999,22.4799,4940200
2003-03-27,30.174999,30.344998999999998,29.9,30.01,22.017689,6143800
2003-03-28,30.01,30.01,29.094998999999998,29.385,21.559137,7073400
2003-03-31,28.799999,29.18,28.549999,28.889999,21.195963,6860400
2003-04-01,29.225,29.700001,28.940001000000002,29.440001000000002,21.599483,5495600
2003-04-02,29.445,30.41,29.445,30.195,22.153416,6003000
2003-04-03,30.299999,30.299999,29.375,29.375,21.551802,5804600
2003-04-04,29.924999,30.174999,29.370001000000002,30.030001000000002,22.03236,7103400
2003-04-07,31.32,31.379998999999998,30.549999,30.549999,22.413876000000002,6297200
2003-04-08,30.375,30.795,30.315001000000002,30.370001000000002,22.281809,3884200
2003-04-09,30.049999,31.030001000000002,30.049999,30.525,22.395526999999998,7201400
2003-04-10,30.030001000000002,30.674999,30.030001000000002,30.6,22.450554,4545200
2003-04-11,30.875,31.110001,30.34,30.625,22.468897,4530200
2003-04-14,30.475,31.485001,30.475,31.225,22.909102999999998,4214000
2003-04-15,31.360001,31.975,31.035,31.855,23.371326,5369600
2003-04-16,31.625,31.9,30.950001,31.135,22.843079,4767400
2003-04-17,31.139999,31.495001000000002,29.9,30.0,22.010348999999998,14897000
2003-04-21,30.25,30.674999,29.975,30.469998999999998,22.355173,6948200
2003-04-22,29.65,30.870001000000002,29.65,30.76,22.56794,5097400
2003-04-23,30.665001,31.084999,30.59,30.620001000000002,22.465229,4877200
2003-04-24,30.5,30.790001,30.315001000000002,30.4,22.30382,4019800
2003-04-25,30.465,30.709999,30.16,30.190001000000002,22.14975,5155000
2003-04-28,30.360001,30.870001000000002,30.200001,30.635,22.476232999999997,5436200
2003-04-29,30.75,31.09,30.450001,30.940001000000002,22.700004999999997,5529800
2003-04-30,30.945,31.105,30.67,30.905001000000002,22.674326,7366400
2003-05-01,30.905001000000002,31.055,30.42,30.83,22.619304999999997,4153800
2003-05-02,30.725,31.870001000000002,30.629998999999998,31.700001,23.257604999999998,6052200
2003-05-05,31.575001,31.639999,30.985001,31.084999,22.806379,4879400
2003-05-06,31.125,31.805,31.094998999999998,31.475,23.09252,5067400
2003-05-07,31.475,32.235001000000004,31.225,31.625,23.202578,5864000
2003-05-08,31.594998999999998,31.940001000000002,31.195,31.594998999999998,23.180563,4435400
2003-05-09,32.105,32.474998,31.77,32.400002,23.771181,4734600
2003-05-12,32.450001,33.490002000000004,32.305,33.424999,24.523201,6930800
2003-05-13,33.424999,34.0,33.049999,33.639998999999996,24.680941,6616000
2003-05-14,33.950001,34.049999,33.150002,33.705002,24.828266,6253000
2003-05-15,33.924999,33.994999,33.575001,33.884997999999996,24.960857,5476600
2003-05-16,33.880001,33.990002000000004,33.279999,33.744999,24.857723,4259200
2003-05-19,33.525002,33.595001,33.145,33.294998,24.526243,4875400
2003-05-20,33.314999,33.535,32.48,32.764998999999996,24.135824,5576600
2003-05-21,32.5,33.099998,32.465,32.845001,24.194761,4917400
2003-05-22,32.845001,33.474998,32.735001000000004,33.189999,24.448892999999998,2605000
2003-05-23,33.099998,33.325001,32.650002,33.025002,24.327351,3345200
2003-05-27,33.025002,34.07,32.814999,33.98,25.030842,4579600
2003-05-28,34.240002000000004,34.349998,33.950001,34.105,25.122917,3828800
2003-05-29,33.939999,34.375,32.900002,33.215,24.467312,5783400
2003-05-30,33.575001,34.195,33.474998,34.125,25.137653,5094400
2003-06-02,34.41,35.125,34.174999,34.705002,25.564896,6810200
2003-06-03,34.830002,34.974998,34.505001,34.695,25.557533,5196400
2003-06-04,34.695,34.990002000000004,34.404999,34.93,25.730646,4827200
2003-06-05,34.93,35.389998999999996,34.654999,35.314999,26.014248000000002,4573000
2003-06-06,35.5,36.0,35.325001,35.505001,26.154211,4272400
2003-06-09,35.279999,35.549999,34.375,34.619999,25.502285,3626600
2003-06-10,35.5,35.700001,35.064999,35.349998,26.040028,3402200
2003-06-11,35.474998,36.5,35.310001,36.375,26.79508,3902200
2003-06-12,36.650002,36.685001,36.005001,36.299999,26.739828000000003,5953800
2003-06-13,36.450001,36.564999,35.950001,36.055,26.559355,3503000
2003-06-16,36.240002000000004,36.755001,36.139998999999996,36.755001,27.075006,3190800
2003-06-17,36.799999,36.805,36.014998999999996,36.564999,26.93504,3579200
2003-06-18,36.099998,37.035,36.029999,36.599998,26.960827000000002,5403000
2003-06-19,36.599998,36.68,35.73,35.950001,26.48201,4902000
2003-06-20,36.290001000000004,36.900002,36.130001,36.224998,26.684584,9586000
2003-06-23,35.810001,35.994999,35.285,35.404999,26.080544,4525800
2003-06-24,35.474998,35.91,35.400002,35.57,26.202087,3843200
2003-06-25,35.529999,35.93,35.189999,35.299999,26.003191,3727800
2003-06-26,35.27,35.419998,34.75,35.150002,25.892704000000002,4552000
2003-06-27,35.240002000000004,35.540001000000004,34.75,35.299999,26.003191,4566200
2003-06-30,35.275002,35.645,34.950001,35.415001000000004,26.087906,4320600
2003-07-01,35.110001000000004,35.724998,34.654999,35.645,26.257334000000004,5755200
2003-07-02,35.860001000000004,35.959998999999996,35.5,35.950001,26.48201,3784400
2003-07-03,35.950001,36.110001000000004,35.5,35.720001,26.312588,2257800
2003-07-07,36.244999,36.779999,36.080002,36.27,26.71773,3415400
2003-07-08,36.224998,37.125,36.105,36.970001,27.233371999999996,4613200
2003-07-09,36.849998,36.919998,36.255001,36.32,26.754564000000002,3812800
2003-07-10,36.174999,36.174999,35.630001,35.895,26.441488,3414600
2003-07-11,36.02,36.705002,36.005001,36.700001,27.034483,3162400
2003-07-14,36.810001,36.900002,36.195,36.32,26.754564000000002,3183600
2003-07-15,36.32,36.645,35.650002,35.959998999999996,26.48937,4404600
2003-07-16,36.150002,36.349998,35.790001000000004,36.095001,26.588820000000002,3506000
2003-07-17,37.025002,37.349998,36.494999,36.865002000000004,27.156036,6550000
2003-07-18,37.259997999999996,37.259997999999996,36.950001,37.244999,27.435947,4911800
2003-07-21,37.125,37.334998999999996,36.68,36.875,27.163396999999996,5279400
2003-07-22,36.950001,38.169998,36.75,38.0,27.992103999999998,5831200
2003-07-23,37.775002,38.209998999999996,37.25,38.150002,28.102597999999997,4942400
2003-07-24,38.150002,38.5,37.334998999999996,37.424999,27.568539,3734600
2003-07-25,37.174999,37.875,37.040001000000004,37.82,27.859509000000003,3855800
2003-07-28,37.82,38.43,37.41,38.330002,28.235214000000003,4485200
2003-07-29,38.330002,38.549999,38.0,38.369999,28.264653999999997,4844800
2003-07-30,38.365002000000004,38.415001000000004,37.889998999999996,38.200001,28.139427,3412400
2003-07-31,38.200001,38.325001,37.575001,37.615002000000004,27.7085,4741600
2003-08-01,37.615002000000004,37.759997999999996,37.415001000000004,37.619999,27.712179,3259800
2003-08-04,37.825001,38.0,37.505001,37.880001,27.903716999999997,3710400
2003-08-05,37.700001,37.889998999999996,37.130001,37.185001,27.391758000000003,3337400
2003-08-06,37.150002,37.174999,36.580002,36.689999,27.027119,4687600
2003-08-07,36.724998,36.73,36.275002,36.485001000000004,26.876109999999997,4571600
2003-08-08,36.41,36.799999,36.380001,36.625,26.979246000000003,4123600
2003-08-11,36.709998999999996,36.794998,36.119999,36.5,26.887152,3678600
2003-08-12,36.575001,37.325001,36.465,37.290001000000004,27.469103000000004,3518800
2003-08-13,37.125,37.52,37.035,37.345001,27.509615000000004,3127600
2003-08-14,37.349998,38.349998,37.244999,38.0,27.992103999999998,5598600
2003-08-15,38.400002,38.41,38.119999,38.240002000000004,28.168903000000004,2006400
2003-08-18,38.599998,38.599998,38.389998999999996,38.494999,28.356747,3159000
2003-08-19,38.775002,39.599998,38.700001,39.365002000000004,28.997625,5031400
2003-08-20,39.200001,39.220001,38.689999,38.810001,28.687157,3732400
2003-08-21,38.825001,39.790001000000004,38.82,39.705002,29.348722,4844400
2003-08-22,39.974998,40.0,39.209998999999996,39.220001,28.990216999999998,4274800
2003-08-25,39.150002,39.25,38.59,38.990002000000004,28.820213,2929200
2003-08-26,38.990002000000004,39.294998,38.639998999999996,39.16,28.945881,3493000
2003-08-27,39.005001,39.424999,39.0,39.375,29.104801000000002,2475600
2003-08-28,39.349998,40.0,38.965,39.875,29.47438,3615400
2003-08-29,39.875,40.174999,39.775002,40.125,29.65918,3429200
2003-09-02,40.064999,40.375,39.610001000000004,39.985001000000004,29.555695,3637000
2003-09-03,39.875,39.985001000000004,39.68,39.849998,29.455896000000003,4354200
2003-09-04,39.849998,39.880001,39.424999,39.740002000000004,29.374598,3051200
2003-09-05,39.744999,39.744999,38.735001000000004,39.025002,28.846083,5887800
2003-09-08,39.485001000000004,39.865002000000004,39.41,39.810001,29.426325,3597600
2003-09-09,39.75,39.755001,39.09,39.32,29.064140000000002,3344800
2003-09-10,39.25,39.450001,38.674999,38.91,28.761072,3997000
2003-09-11,39.139998999999996,39.575001,39.025002,39.145,28.934773999999997,4147600
2003-09-12,39.145,39.389998999999996,38.674999,39.264998999999996,29.023489,3366200
2003-09-15,39.25,39.369999,39.029999,39.099998,28.901525,2798800
2003-09-16,39.200001,40.029999,39.200001,39.919998,29.507642999999998,3744000
2003-09-17,39.700001,40.080002,39.485001000000004,39.630001,29.29328,2322600
2003-09-18,39.630001,39.860001000000004,39.450001,39.720001,29.359802000000002,2554600
2003-09-19,39.720001,40.154999,39.544998,39.575001,29.252634000000004,4786000
2003-09-22,39.25,39.580002,39.060001,39.215,28.986534000000002,3131000
2003-09-23,39.220001,39.744999,39.005001,39.630001,29.29328,3635400
2003-09-24,39.549999,39.77,39.060001,39.119999,28.916311,4860000
2003-09-25,39.119999,39.474998,38.93,39.099998,28.901525,5708400
2003-09-26,39.084998999999996,39.174999,38.709998999999996,39.005001,28.831301,4163600
2003-09-29,39.25,39.75,39.115002000000004,39.630001,29.29328,4460000
2003-09-30,39.529999,39.599998,38.380001,38.639998999999996,28.561508,6216000
2003-10-01,39.0,40.029999,38.755001,39.939999,29.52243,5532000
2003-10-02,39.825001,40.555,39.715,40.224998,29.733079999999998,5305000
2003-10-03,40.224998,41.395,40.224998,40.900002,30.232027000000002,5123200
2003-10-06,40.900002,41.099998,40.639998999999996,40.695,30.080498,2754200
2003-10-07,40.695,41.044998,40.5,40.884997999999996,30.220936,3399000
2003-10-08,40.715,41.205002,40.654999,41.0,30.305953999999996,2827000
2003-10-09,41.724998,42.084998999999996,41.075001,41.299999,30.527702,4931200
2003-10-10,41.299999,41.474998,41.0,41.064999,30.354,2604000
2003-10-13,41.25,41.645,41.25,41.605,30.753139,2603600
2003-10-14,41.875,42.224998,41.549999,42.130001,31.141199,2930600
2003-10-15,42.130001,42.139998999999996,41.5,41.849998,30.934234999999997,4470600
2003-10-16,41.849998,42.5,41.825001,42.200001,31.192960999999997,5087000
2003-10-17,42.200001,42.200001,41.575001,41.869999,30.949026,3532400
2003-10-20,42.25,42.439999,41.855,42.150002,31.156,3393000
2003-10-21,42.174999,42.200001,41.845001,41.939999,31.000771000000004,2984800
2003-10-22,41.674999,41.830002,41.150002,41.445,30.634882,3240200
2003-10-23,41.445,41.895,41.105,41.485001000000004,30.664441999999998,3109800
2003-10-24,41.275002,41.610001000000004,41.099998,41.584998999999996,30.738353999999998,3343400
2003-10-27,41.674999,42.0,41.59,41.985001000000004,31.034022999999998,2970200
2003-10-28,41.970001,42.099998,41.625,42.044998,31.078371,3858800
2003-10-29,42.18,42.450001,42.0,42.285,31.255774,3487200
2003-10-30,42.389998999999996,42.98,42.310001,42.875,31.691881,3995000
2003-10-31,42.875,42.994999,42.290001000000004,42.345001,31.300119,2956200
2003-11-03,42.625,43.110001000000004,42.619999,42.900002,31.710366999999998,3030400
2003-11-04,42.84,43.154999,42.525002,43.009997999999996,31.791677000000004,3000400
2003-11-05,43.049999,43.490002000000004,43.014998999999996,43.200001,31.932116999999998,3890000
2003-11-06,43.134997999999996,43.900002,43.130001,43.665001000000004,32.275837,4167600
2003-11-07,43.75,43.974998,43.27,43.34,32.035595,4139800
2003-11-10,43.375,43.490002000000004,42.439999,42.715,31.573624,2840200
2003-11-11,42.715,42.720001,42.224998,42.630001,31.510801,2557600
2003-11-12,42.525002,43.215,42.330002,43.099998,31.989527000000002,3597800
2003-11-13,42.775002,43.404999,42.564999,43.224998,32.082287,2799600
2003-11-14,43.150002,43.5,42.799999,42.950001,31.878189000000003,2789400
2003-11-17,42.950001,42.950001,42.095001,42.494999,31.540497,2550400
2003-11-18,42.599998,42.674999,41.619999,41.619999,30.891035,4359400
2003-11-19,41.299999,41.814999,41.294998,41.544998,30.835371000000002,5428400
2003-11-20,41.544998,42.084998999999996,41.290001000000004,41.650002,30.913313,4665200
2003-11-21,41.775002,42.029999,41.575001,41.950001,31.135983000000003,4190800
2003-11-24,42.200001,42.564999,42.150002,42.549999,31.581306,3963400
2003-11-25,42.424999,42.875,42.290001000000004,42.705002,31.69635,3154600
2003-11-26,42.794998,43.25,42.544998,43.16,32.034058,3658600
2003-11-28,43.16,43.325001,42.845001,42.849998,31.803960999999997,1506600
2003-12-01,43.299999,43.924999,43.200001,43.695,32.431141,3979000
2003-12-02,43.595001,44.049999,43.509997999999996,43.779999,32.494232000000004,3871600
2003-12-03,43.849998,44.165001000000004,43.630001,43.634997999999996,32.386596999999995,3722600
2003-12-04,43.674999,44.044998,43.650002,43.974998,32.638958,2849200
2003-12-05,43.985001000000004,43.985001000000004,43.715,43.865002000000004,32.557320000000004,3340800
2003-12-08,43.799999,44.424999,43.764998999999996,44.275002,32.861633000000005,3435400
2003-12-09,44.474998,44.900002,44.169998,44.244999,32.839352000000005,4326600
2003-12-10,44.244999,44.450001,44.005001,44.134997999999996,32.757702,3509600
2003-12-11,44.060001,44.799999,44.055,44.634997999999996,33.12883,3398600
2003-12-12,44.974998,46.07,44.904999,45.799999,33.993503999999994,7482200
2003-12-15,46.189999,46.494999,45.775002,45.775002,33.974953,5809000
2003-12-16,45.849998,46.98,45.775002,46.759997999999996,34.706032,5682000
2003-12-17,46.764998999999996,46.794998,46.439999,46.560001,34.557594,3300000
2003-12-18,46.650002,47.0,46.25,46.915001000000004,34.821083,3964400
2003-12-19,47.299999,47.490002000000004,46.759997999999996,47.049999,34.921279999999996,6588400
2003-12-22,47.0,47.525002,46.799999,47.525002,35.273827000000004,4450400
2003-12-23,48.099998,48.375,47.275002,47.490002000000004,35.247845,3469600
2003-12-24,47.490002000000004,47.549999,47.005001,47.029999,34.906425,1630600
2003-12-26,47.200001,47.52,47.134997999999996,47.330002,35.129112,737400
2003-12-29,47.450001,47.779999,47.25,47.77,35.455677,2617800
2003-12-30,47.700001,47.75,47.209998999999996,47.299999,35.106831,2566000
2003-12-31,47.355,47.650002,47.205002,47.384997999999996,35.169914,2319200
2004-01-02,47.415001000000004,47.945,47.005001,47.18,35.017769,3227600
2004-01-05,47.450001,47.52,47.259997999999996,47.465,35.229294,3031000
2004-01-06,47.450001,47.490002000000004,46.904999,47.345001,35.140232,3754200
2004-01-07,47.299999,47.66,47.005001,47.5,35.255272,3413200
2004-01-08,47.400002,47.509997999999996,47.205002,47.445,35.214443,3793200
2004-01-09,47.275002,47.5,46.639998999999996,46.759997999999996,34.706032,4035400
2004-01-12,46.875,46.985001000000004,46.255001,46.474998,34.494503,4498000
2004-01-13,46.650002,46.974998,46.075001,46.700001,34.661499,4602800
2004-01-14,46.950001,48.205002,46.915001000000004,47.924999,35.570728,4327400
2004-01-15,47.775002,47.865002000000004,47.130001,47.700001,35.403709,5439000
2004-01-16,48.075001,48.775002,47.84,48.75,36.183040999999996,4707600
2004-01-20,48.465,48.584998999999996,47.275002,47.400002,35.181065000000004,5247600
2004-01-21,47.349998,48.125,46.625,47.935001,35.578133,4693200
2004-01-22,48.150002,48.174999,47.099998,47.615002000000004,35.340621999999996,4540800
2004-01-23,47.674999,47.799999,46.845001,47.130001,34.980663,3031800
2004-01-26,47.125,47.625,46.575001,47.610001000000004,35.336926,3361000
2004-01-27,47.555,48.07,47.330002,47.939999,35.581844,4358400
2004-01-28,47.959998999999996,48.125,47.474998,47.674999,35.385155,5798000
2004-01-29,47.755001,48.0,46.924999,47.634997999999996,35.355476,6643800
2004-01-30,47.424999,47.799999,47.325001,47.77,35.455677,4746200
2004-02-02,47.790001000000004,48.755001,47.549999,48.099998,35.7006,5417200
2004-02-03,47.974998,48.290001000000004,47.785,48.07,35.678352000000004,3651000
2004-02-04,47.875,47.974998,46.869999,47.064999,34.932396000000004,5498000
2004-02-05,46.950001,47.25,46.805,47.25,35.06971,4091000
2004-02-06,47.0,47.365002000000004,46.325001,47.16,35.002926,4129200
2004-02-09,47.105,47.52,46.880001,47.435001,35.207039,2718000
2004-02-10,47.200001,48.040001000000004,46.98,47.799999,35.477936,3132200
2004-02-11,47.5,48.224998,47.23,47.855,35.518764000000004,3000400
2004-02-12,47.855,47.945,47.474998,47.560001,35.299797,2590400
2004-02-13,47.560001,48.0,47.060001,47.314999,35.117946999999994,2853800
2004-02-17,47.735001000000004,47.884997999999996,47.244999,47.764998999999996,35.451962,3312000
2004-02-18,48.0,48.919998,47.849998,48.68,36.263954,17734200
2004-02-19,48.775002,48.900002,48.555,48.619999,36.219238,5076200
2004-02-20,48.799999,48.875,48.189999,48.310001,35.988319,5090600
2004-02-23,48.310001,48.365002000000004,46.404999,46.900002,34.937943,11590600
2004-02-24,46.950001,47.154999,45.355,45.915001000000004,34.204178000000006,9508400
2004-02-25,45.599998,46.52,45.599998,46.150002,34.379246,4920000
2004-02-26,45.715,45.825001,44.459998999999996,44.939999,33.477844,12298000
2004-02-27,45.09,46.134997999999996,44.939999,46.055,34.308468,7781600
2004-03-01,45.650002,46.299999,45.57,46.099998,34.341988,6154800
2004-03-02,45.650002,45.775002,45.040001000000004,45.150002,33.634304,6648000
2004-03-03,44.775002,45.439999,44.75,45.259997999999996,33.716228,5000600
2004-03-04,44.950001,45.25,44.834998999999996,45.110001000000004,33.604496000000005,4180800
2004-03-05,44.849998,45.279999,44.77,44.950001,33.485291,4249600
2004-03-08,45.174999,45.75,45.095001,45.23,33.693878000000005,4459000
2004-03-09,44.924999,45.125,44.220001,44.375,33.056957000000004,5117400
2004-03-10,44.125,44.195,43.490002000000004,43.549999,32.442378999999995,7979400
2004-03-11,43.200001,43.82,42.75,42.814999,31.894854,6894000
2004-03-12,42.950001,43.810001,42.939999,43.674999,32.535484000000004,4582600
2004-03-15,44.5,44.709998999999996,43.884997999999996,43.950001,32.740368,6760400
2004-03-16,44.400002,44.5,43.514998999999996,44.02,32.792503,5190200
2004-03-17,44.325001,44.665001000000004,44.0,44.400002,33.075592,3196600
2004-03-18,44.049999,44.384997999999996,43.82,43.915001000000004,32.714283,4922400
2004-03-19,43.91,43.91,42.665001000000004,42.700001,31.809181,9176200
2004-03-22,42.705002,42.73,41.904999,42.174999,31.418079,6710000
2004-03-23,42.724998,42.740002000000004,42.174999,42.189999,31.429246999999997,5181600
2004-03-24,42.275002,42.384997999999996,41.75,42.025002,31.306343,5944000
2004-03-25,42.41,42.950001,42.125,42.950001,31.995413,4706200
2004-03-26,42.775002,43.450001,42.735001000000004,43.150002,32.144405,4651400
2004-03-29,43.299999,43.549999,42.849998,42.924999,31.976784000000002,4317400
2004-03-30,42.950001,43.049999,42.375,42.875,31.939536999999998,5485400
2004-03-31,42.849998,43.509997999999996,42.384997999999996,43.150002,32.144405,5686400
2004-04-01,43.200001,43.599998,43.099998,43.290001000000004,32.248699,4003800
2004-04-02,43.549999,44.09,43.549999,43.869999,32.680756,4154000
2004-04-05,44.099998,44.775002,44.049999,44.615002000000004,33.235748,3862400
2004-04-06,44.5,44.950001,44.145,44.875,33.42944,3298000
2004-04-07,44.75,45.349998,44.52,45.095001,33.593338,7403200
2004-04-08,45.490002000000004,45.66,44.595001,44.900002,33.448055,4355400
2004-04-12,44.974998,45.029999,44.575001,44.595001,33.220837,4203200
2004-04-13,44.799999,44.860001000000004,44.0,44.040001000000004,32.807407,4088000
2004-04-14,43.775002,44.325001,43.724998,44.084998999999996,32.840916,3541800
2004-04-15,44.209998999999996,44.224998,43.52,44.07,32.829758,3165200
2004-04-16,44.055,44.375,43.880001,44.360001000000004,33.045803,3158000
2004-04-19,44.215,44.299999,43.724998,44.099998,32.852092999999996,2160600
2004-04-20,44.075001,44.43,43.514998999999996,43.740002000000004,32.583923,2911000
2004-04-21,42.625,43.025002,42.105,42.509997999999996,31.667628999999998,11047000
2004-04-22,42.634997999999996,44.174999,42.599998,43.849998,32.665855,6936400
2004-04-23,44.025002,44.5,43.395,44.465,33.124008,4777400
2004-04-26,44.599998,44.865002000000004,44.419998,44.75,33.336315,4319200
2004-04-27,44.75,45.035,44.650002,44.970001,33.500202,4610600
2004-04-28,44.900002,44.900002,44.419998,44.535,33.176140000000004,4232600
2004-04-29,44.424999,44.66,43.145,43.490002000000004,32.397696999999994,4950800
2004-04-30,43.540001000000004,43.75,43.09,43.130001,32.129498,4571600
2004-05-03,43.275002,43.5,43.130001,43.474998,32.386513,4587800
2004-05-04,43.299999,43.485001000000004,43.025002,43.18,32.166737,5251800
2004-05-05,42.950001,43.185001,42.735001000000004,43.060001,32.077339,4555600
2004-05-06,42.875,43.264998999999996,42.775002,42.849998,31.920918,3563600
2004-05-07,42.75,43.174999,42.5,42.59,31.727234000000003,4216800
2004-05-10,42.075001,42.200001,41.404999,41.634997999999996,31.015812,5393200
2004-05-11,41.575001,41.634997999999996,41.325001,41.575001,30.971117,4519200
2004-05-12,41.474998,42.455002,41.154999,42.244999,31.470223999999998,6127200
2004-05-13,42.0,42.099998,41.5,41.73,31.086585999999997,5755200
2004-05-14,41.75,41.919998,41.404999,41.625,31.008353999999997,5335200
2004-05-17,41.25,41.400002,40.75,41.169998,30.669407,4753600
2004-05-18,41.049999,41.165001000000004,40.849998,41.125,30.635883000000003,4587400
2004-05-19,41.150002,41.674999,40.935001,40.974998,30.654581,4158200
2004-05-20,41.025002,41.110001000000004,40.435001,40.75,30.486263,3333400
2004-05-21,40.799999,40.919998,40.334998999999996,40.779999,30.508685999999997,4896200
2004-05-24,40.924999,41.470001,40.654999,41.360001000000004,30.942614000000003,4320000
2004-05-25,41.349998,42.119999,41.215,41.994999,31.417680999999998,4593200
2004-05-26,42.0,42.0,41.415001000000004,41.415001000000004,30.983772,6592000
2004-05-27,41.525002,42.209998999999996,41.450001,42.044998,31.455090999999996,5435600
2004-05-28,42.049999,42.384997999999996,42.02,42.305,31.649609,3233800
2004-06-01,42.139998999999996,42.549999,41.994999,42.330002,31.668293,3445000
2004-06-02,42.470001,42.84,42.25,42.689999,31.937632,2933000
2004-06-03,42.514998999999996,42.724998,42.380001,42.615002000000004,31.881514000000003,3138600
2004-06-04,42.674999,43.075001,42.615002000000004,42.875,32.076035,2656800
2004-06-07,43.075001,43.575001,42.990002000000004,43.535,32.569794,2589600
2004-06-08,43.535,44.0,43.5,44.0,32.917675,3801000
2004-06-09,44.0,44.075001,43.705002,43.924999,32.861565,3203200
2004-06-10,44.0,44.189999,43.965,44.130001,33.014931,3370400
2004-06-14,44.014998999999996,44.060001,43.855,44.049999,32.955086,3720800
2004-06-15,44.25,44.855,44.209998999999996,44.639998999999996,33.396469,4945200
2004-06-16,44.639998999999996,44.75,44.134997999999996,44.400002,33.216934,3620600
2004-06-17,44.365002000000004,44.549999,44.025002,44.549999,33.329144,2957000
2004-06-18,44.549999,44.974998,44.5,44.974998,33.647102000000004,5002200
2004-06-21,44.860001000000004,45.0,44.25,44.349998,33.179534999999994,3436000
2004-06-22,44.099998,44.224998,43.514998999999996,43.915001000000004,32.854092,4697800
2004-06-23,43.549999,44.849998,43.529999,44.805,33.519928,3514600
2004-06-24,44.810001,45.035,44.575001,45.0,33.665797999999995,3818600
2004-06-25,44.884997999999996,45.200001,44.415001000000004,44.625,33.385258,3769000
2004-06-28,44.724998,45.150002,44.459998999999996,44.57,33.344112,2966000
2004-06-29,44.57,45.325001,44.5,45.264998999999996,33.864059000000005,3229200
2004-06-30,45.474998,46.0,45.325001,45.740002000000004,34.219429,4431000
2004-07-01,45.82,45.895,45.080002,45.349998,33.927654,4397400
2004-07-02,45.310001,45.310001,44.639998999999996,44.744999,33.475033,2908000
2004-07-06,44.700001,44.830002,44.040001000000004,44.224998,33.086018,4058200
2004-07-07,44.005001,44.509997999999996,43.91,44.275002,33.123421,3547000
2004-07-08,44.259997999999996,44.529999,43.98,44.154999,33.033638,3978400
2004-07-09,44.275002,45.130001,44.275002,44.880001,33.576035,3252600
2004-07-12,44.794998,45.165001000000004,44.52,45.025002,33.684509000000006,2160400
2004-07-13,45.185001,45.384997999999996,44.98,45.185001,33.804221999999996,3086600
2004-07-14,44.849998,45.52,44.599998,44.919998,33.605957000000004,3195800
2004-07-15,45.075001,45.599998,45.049999,45.5,34.039875,3739400
2004-07-16,45.75,45.75,45.185001,45.395,33.961315,3896800
2004-07-19,45.5,45.744999,44.805,44.955002,33.632145,3619000
2004-07-20,44.950001,45.325001,44.674999,45.285,33.879028000000005,4081000
2004-07-21,45.91,47.185001,45.904999,46.334998999999996,34.664555,9277400
2004-07-22,46.200001,46.599998,45.689999,46.299999,34.638374,5636200
2004-07-23,46.205002,46.490002000000004,45.884997999999996,46.044998,34.447598,3150600
2004-07-26,46.924999,46.945,46.310001,46.5,34.788006,5328400
2004-07-27,46.625,47.439999,46.400002,47.25,35.349090999999994,5846600
2004-07-28,47.0,47.494999,46.830002,47.349998,35.423916,6402400
2004-07-29,47.494999,47.599998,46.505001,47.049999,35.199467,4647600
2004-07-30,47.0,47.215,46.52,46.75,34.97504,3647200
2004-08-02,46.625,47.16,46.43,46.990002000000004,35.154579,2863000
2004-08-03,46.685001,47.220001,46.415001000000004,46.794998,35.008694,4181800
2004-08-04,46.5,47.0,46.424999,46.799999,35.012440000000005,2639200
2004-08-05,46.639998999999996,46.845001,45.639998999999996,45.740002000000004,34.219429,3359600
2004-08-06,45.299999,45.5,44.900002,45.025002,33.684509000000006,5016200
2004-08-09,45.0,45.279999,44.580002,44.735001000000004,33.467556,2910400
2004-08-10,45.0,45.700001,44.950001,45.639998999999996,34.144611,3028600
2004-08-11,45.424999,46.200001,45.029999,45.945,34.372799,3272000
2004-08-12,45.575001,45.855,45.345001,45.395,33.961315,3443000
2004-08-13,45.665001000000004,45.735001000000004,45.205002,45.459998999999996,34.009945,2700000
2004-08-16,45.435001,46.365002000000004,45.294998,46.365002000000004,34.687008,3024800
2004-08-17,46.490002000000004,46.645,45.955002,46.084998999999996,34.477539,2871000
2004-08-18,45.785,46.459998999999996,45.595001,46.450001,34.883057,3887600
2004-08-19,46.395,46.474998,46.014998999999996,46.395,34.841766,3197000
2004-08-20,46.174999,47.095001,46.174999,47.009997999999996,35.303596,2963200
2004-08-23,46.974998,47.009997999999996,46.384997999999996,46.450001,34.883057,3905800
2004-08-24,46.849998,47.154999,46.525002,46.825001,35.164688,4605600
2004-08-25,46.91,47.174999,46.564999,46.974998,35.277313,2968600
2004-08-26,46.974998,47.095001,46.540001000000004,46.790001000000004,35.138405,2132800
2004-08-27,46.790001000000004,46.985001000000004,46.66,46.705002,35.074562,1632400
2004-08-30,46.599998,47.119999,46.599998,46.654999,35.037003000000006,2160600
2004-08-31,46.689999,46.955002,46.279999,46.955002,35.262314,2358800
2004-09-01,46.955002,47.215,46.575001,46.974998,35.277313,2975400
2004-09-02,46.970001,47.955002,46.900002,47.895,35.968235,2609000
2004-09-03,47.825001,47.849998,47.075001,47.145,35.404995,4250000
2004-09-07,47.5,47.66,47.25,47.490002000000004,35.664074,4151400
2004-09-08,47.450001,47.625,47.325001,47.400002,35.596484999999994,3273400
2004-09-09,47.474998,47.485001000000004,46.974998,47.060001,35.341156,3081400
2004-09-10,47.174999,47.290001000000004,46.849998,47.209998999999996,35.453812,2255400
2004-09-13,47.474998,47.875,47.285,47.32,35.536407000000004,3672600
2004-09-14,47.290001000000004,47.450001,47.125,47.174999,35.427517,2861800
2004-09-15,47.200001,47.384997999999996,47.049999,47.09,35.363689,4162200
2004-09-16,47.209998999999996,47.625,47.130001,47.435001,35.62278,2985800
2004-09-17,47.849998,48.0,47.575001,47.825001,35.915661,3975600
2004-09-20,47.724998,47.830002,47.380001,47.525002,35.690365,3314400
2004-09-21,47.625,47.724998,47.365002000000004,47.575001,35.727921,2695000
2004-09-22,47.580002,47.595001,46.735001000000004,46.855,35.18721,3142800
2004-09-23,46.75,46.779999,46.044998,46.27,34.747875,3155600
2004-09-24,46.25,46.369999,46.02,46.07,34.597671999999996,3230000
2004-09-27,46.040001000000004,46.099998,45.575001,45.634997999999996,34.271011,3378200
2004-09-28,45.790001000000004,46.375,45.474998,46.174999,34.676536999999996,3773000
2004-09-29,46.134997999999996,46.605,45.915001000000004,46.375,34.82674,2472800
2004-09-30,46.299999,46.915001000000004,46.299999,46.689999,35.063286,4060400
2004-10-01,46.950001,47.634997999999996,46.849998,47.415001000000004,35.607754,3518200
2004-10-04,47.625,48.205002,47.200001,47.275002,35.502625,3296000
2004-10-05,47.084998999999996,47.09,46.84,46.880001,35.205985999999996,2173400
2004-10-06,46.884997999999996,46.900002,46.365002000000004,46.860001000000004,35.190968,2911600
2004-10-07,46.674999,46.740002000000004,46.095001,46.200001,34.695305,2731600
2004-10-08,46.174999,46.52,46.005001,46.215,34.706577,3022200
2004-10-11,46.43,46.465,46.09,46.134997999999996,34.646496,1948800
2004-10-12,46.0,46.349998,45.834998999999996,46.16,34.665279,2365400
2004-10-13,46.400002,46.715,44.799999,45.25,33.981884,4455800
2004-10-14,45.264998999999996,45.709998999999996,44.924999,45.355,34.060741,3435200
2004-10-15,45.360001000000004,45.959998999999996,45.34,45.834998999999996,34.421215000000004,3619400
2004-10-18,45.724998,45.73,44.435001,45.0,33.794125,6186200
2004-10-19,44.974998,45.779999,44.654999,45.025002,33.812908,4875600
2004-10-20,45.025002,45.639998999999996,44.240002000000004,44.950001,33.756588,7563800
2004-10-21,44.950001,45.75,44.695,45.52,34.184639000000004,5493400
2004-10-22,45.52,45.715,45.275002,45.5,34.169628,3974000
2004-10-25,45.450001,46.244999,45.419998,45.834998999999996,34.421215000000004,4140400
2004-10-26,45.825001,46.325001,45.645,46.299999,34.770409,3467800
2004-10-27,46.200001,46.700001,45.974998,46.450001,34.883057,4439200
2004-10-28,46.400002,46.525002,45.900002,46.035,34.571411,5115600
2004-10-29,46.125,46.544998,45.880001,46.41,34.853012,3662800
2004-11-01,46.5,47.485001000000004,46.41,47.400002,35.596484999999994,5384800
2004-11-02,47.400002,47.52,46.634997999999996,46.735001000000004,35.097091999999996,5677800
2004-11-03,47.275002,47.884997999999996,47.275002,47.505001,35.675343,5167200
2004-11-04,47.494999,48.009997999999996,47.279999,47.974998,36.028309,3835800
2004-11-05,48.0,48.75,47.900002,48.625,36.516438,4806400
2004-11-08,48.625,48.700001,48.384997999999996,48.595001,36.493919,3080600
2004-11-09,48.599998,48.900002,48.445,48.605,36.501431,3660800
2004-11-10,48.924999,49.099998,48.66,48.810001,36.655376000000004,3741400
2004-11-11,49.125,49.125,48.700001,48.740002000000004,36.602818,5330000
2004-11-12,48.700001,48.970001,48.669998,48.875,36.704201,4381200
2004-11-15,48.924999,49.080002,48.650002,48.990002000000004,36.79055,2805400
2004-11-16,48.990002000000004,48.994999,48.540001000000004,48.700001,36.572765000000004,2700600
2004-11-17,48.875,49.095001,48.509997999999996,48.68,36.689587,3889600
2004-11-18,48.875,48.98,48.610001000000004,48.860001000000004,36.825256,2960600
2004-11-19,48.825001,48.935001,48.485001000000004,48.630001,36.651901,3658000
2004-11-22,48.700001,48.73,48.459998999999996,48.615002000000004,36.640606,3688400
2004-11-23,48.615002000000004,48.705002,48.255001,48.599998,36.629284000000006,5052200
2004-11-24,48.724998,48.924999,48.439999,48.669998,36.682049,3293400
2004-11-26,48.669998,48.775002,48.5,48.564999,36.602917,1642400
2004-11-29,48.625,48.875,48.130001,48.625,36.648140000000005,6143400
2004-11-30,48.549999,48.834998999999996,48.395,48.790001000000004,36.772503,4030800
2004-12-01,49.0,50.09,48.650002,50.075001,37.740971,6433800
2004-12-02,49.549999,49.990002000000004,49.34,49.564999,37.356606,5349600
2004-12-03,49.349998,49.48,48.990002000000004,49.215,37.092819,3567200
2004-12-06,49.215,49.299999,48.884997999999996,49.0,36.930771,2936800
2004-12-07,49.0,49.255001,48.325001,48.325001,36.422031,4204600
2004-12-08,48.325001,49.400002,48.325001,49.095001,37.002361,4643400
2004-12-09,49.095001,49.849998,48.759997999999996,49.724998,37.477184,5519400
2004-12-10,50.125,50.630001,49.994999,50.514998999999996,38.072613,4955000
2004-12-13,50.84,51.514998999999996,50.540001000000004,51.435001,38.765999,5162000
2004-12-14,51.439999,51.674999,51.27,51.5,38.814983000000005,4222200
2004-12-15,51.349998,51.695,51.0,51.200001,38.588894,5303600
2004-12-16,50.950001,51.200001,50.759997999999996,51.0,38.438128999999996,5726200
2004-12-17,51.0,52.169998,50.919998,51.950001,39.154148,8213400
2004-12-20,52.25,52.474998,51.759997999999996,51.82,39.056187,3592000
2004-12-21,51.825001,52.259997999999996,51.645,51.924999,39.135307,4715600
2004-12-22,51.700001,52.605,51.630001,52.505001,39.572453,3770600
2004-12-23,52.700001,53.025002,52.695,52.759997999999996,39.764629,3304400
2004-12-27,52.875,53.139998999999996,52.134997999999996,52.134997999999996,39.293587,3539600
2004-12-28,52.474998,52.599998,52.150002,52.369999,39.470703,2470600
2004-12-29,52.584998999999996,52.584998999999996,51.630001,51.98,39.176762,2337400
2004-12-30,52.174999,52.384997999999996,51.880001,51.880001,39.101387,1822800
2004-12-31,51.724998,51.98,51.525002,51.674999,38.946892,1923600
2005-01-03,51.610001000000004,52.16,51.325001,51.5,38.814983000000005,4697600
2005-01-04,51.5,51.814999,50.904999,50.904999,38.366531,4759400
2005-01-05,51.060001,51.375,50.400002,50.525002,38.080135,4754200
2005-01-06,50.400002,51.009997999999996,50.360001000000004,50.555,38.102759999999996,3942800
2005-01-07,50.625,50.75,49.66,50.009997999999996,37.692001,3676800
2005-01-10,49.924999,50.514998999999996,49.68,49.869999,37.586479,3817800
2005-01-11,49.599998,50.375,49.599998,50.080002,37.744759,3494600
2005-01-12,50.125,51.125,50.009997999999996,50.970001,38.415535,5786000
2005-01-13,50.970001,51.049999,50.099998,50.299999,37.910568,3384000
2005-01-14,50.299999,51.174999,50.299999,50.470001,38.038696,3005200
2005-01-18,50.275002,51.299999,50.25,51.099998,38.513519,4015800
2005-01-19,51.0,51.174999,50.419998,50.525002,38.080135,2892000
2005-01-20,50.400002,50.775002,49.549999,49.889998999999996,37.601543,5862000
2005-01-21,50.375,50.82,49.849998,50.040001000000004,37.714603000000004,6158800
2005-01-24,50.139998999999996,50.165001000000004,49.470001,49.5,37.307606,3961600
2005-01-25,49.685001,50.474998,49.509997999999996,49.790001000000004,37.52618,4331000
2005-01-26,49.875,50.525002,49.759997999999996,50.41,37.993473,4539400
2005-01-27,50.174999,51.325001,49.75,51.080002,38.498455,5278600
2005-01-28,51.084998999999996,51.465,50.52,51.0,38.438128999999996,4478800
2005-01-31,51.005001,51.125,50.02,50.34,37.940708,5223200
2005-02-01,50.200001,50.255001,49.860001000000004,50.009997999999996,37.692001,5140800
2005-02-02,49.735001000000004,49.91,49.025002,49.814999,37.545021000000006,6567800
2005-02-03,49.814999,50.255001,49.549999,50.25,37.872875,3408800
2005-02-04,50.099998,50.860001000000004,50.0,50.860001000000004,38.332626,4741000
2005-02-07,50.724998,50.75,49.814999,50.09,37.752289000000005,3769400
2005-02-08,49.875,50.650002,49.674999,50.5,38.06131,3653800
2005-02-09,50.375,50.41,49.965,50.25,37.872875,3663800
2005-02-10,50.244999,51.485001000000004,50.240002000000004,51.330002,38.686859000000005,4536600
2005-02-11,51.125,51.384997999999996,50.549999,50.700001,38.212036,6084800
2005-02-14,50.450001,50.715,50.299999,50.650002,38.174343,2632600
2005-02-15,50.654999,51.41,50.474998,51.384997999999996,38.72831,5109200
2005-02-16,51.165001000000004,51.555,51.080002,51.424999,38.925121000000004,4131000
2005-02-17,51.349998,51.529999,50.66,50.75,38.414196000000004,3842000
2005-02-18,50.75,50.75,50.25,50.455002,38.190907,3295400
2005-02-22,50.200001,50.34,49.32,49.32,37.331787,4926400
2005-02-23,49.790001000000004,50.16,49.509997999999996,49.875,37.751872999999996,4377400
2005-02-24,49.950001,50.07,49.349998,50.009997999999996,37.854069,3123600
2005-02-25,50.209998999999996,50.66,49.974998,50.509997999999996,38.232525,2376000
2005-02-28,50.25,50.540001000000004,49.845001,49.939999,37.801071,3241000
2005-03-01,49.935001,50.299999,49.805,49.950001,37.808651,3269000
2005-03-02,49.509997999999996,50.235001000000004,49.505001,49.764998999999996,37.668621,3211400
2005-03-03,49.974998,50.150002,49.345001,49.855,37.736736,3572600
2005-03-04,50.34,50.724998,50.064999,50.369999,38.126553,4336600
2005-03-07,50.575001,51.32,50.514998999999996,50.650002,38.338505,3023200
2005-03-08,50.709998999999996,51.450001,50.68,51.130001,38.701836,3464000
2005-03-09,51.130001,51.235001000000004,50.200001,50.27,38.050865,3798000
2005-03-10,50.575001,51.060001,50.439999,50.915001000000004,38.539082,2564600
2005-03-11,50.950001,51.064999,50.5,50.68,38.361202,3449200
2005-03-14,50.715,51.665001000000004,50.68,51.490002000000004,38.974308,3899800
2005-03-15,51.5,52.099998,51.150002,51.150002,38.716957,3785200
2005-03-16,51.154999,51.424999,50.535,50.755001,38.417972999999996,4843400
2005-03-17,51.0,51.485001000000004,50.845001,51.185001,38.743458000000004,3725600
2005-03-18,51.665001000000004,52.349998,51.0,51.875,39.265739,9179200
2005-03-21,52.0,52.25,51.799999,51.915001000000004,39.296013,3309400
2005-03-22,51.924999,52.174999,51.369999,51.369999,38.883488,3381400
2005-03-23,51.445,51.535,50.865002000000004,50.93,38.550446,3959000
2005-03-24,51.174999,51.419998,50.875,50.965,38.576931,2723600
2005-03-28,51.09,51.465,50.875,50.959998999999996,38.573139000000005,3082400
2005-03-29,50.959998999999996,51.5,50.625,50.73,38.399048,3459200
2005-03-30,50.700001,51.445,50.529999,51.365002000000004,38.8797,2946800
2005-03-31,51.150002,51.375,50.685001,50.830002,38.474739,3661200
2005-04-01,51.07,51.09,50.105,50.470001,38.202251000000004,4014200
2005-04-04,50.174999,50.25,49.66,49.924999,37.789711,4871200
2005-04-05,49.849998,49.994999,49.599998,49.880001,37.755657,5062400
2005-04-06,50.025002,50.349998,49.959998999999996,50.195,37.99411,2799000
2005-04-07,50.384997999999996,50.915001000000004,50.099998,50.834998999999996,38.478542,3264800
2005-04-08,50.84,51.0,50.404999,50.404999,38.153057000000004,2257200
2005-04-11,50.709998999999996,50.709998999999996,50.134997999999996,50.485001000000004,38.213612,1996000
2005-04-12,50.285,51.125,49.73,51.040001000000004,38.633701,3963200
2005-04-13,51.040001000000004,51.41,50.380001,50.525002,38.243889,3246800
2005-04-14,50.415001000000004,51.080002,49.799999,49.825001,37.714027,4879000
2005-04-15,49.830002,50.025002,48.700001,48.775002,36.919266,6306000
2005-04-18,48.875,49.314999,48.424999,49.099998,37.165264,4997000
2005-04-19,49.299999,49.474998,48.900002,49.134997999999996,37.191757,6097000
2005-04-20,50.5,50.59,49.450001,49.52,37.483173,6250800
2005-04-21,50.0,51.205002,49.98,51.195,38.751019,5091800
2005-04-22,51.195,51.395,50.174999,50.779999,38.436901,3737400
2005-04-25,51.139998999999996,51.465,50.860001000000004,51.134997999999996,38.705608000000005,3025000
2005-04-26,51.0,51.325001,50.599998,50.645,38.334721,3142800
2005-04-27,50.535,50.959998999999996,50.009997999999996,50.790001000000004,38.444477,3837800
2005-04-28,50.345001,50.810001,49.849998,49.919998,37.785946,4381200
2005-04-29,50.299999,50.959998999999996,50.025002,50.860001000000004,38.497452,4193000
2005-05-02,50.950001,51.099998,50.360001000000004,50.73,38.399048,3362600
2005-05-03,50.52,50.900002,50.25,50.48,38.209816,5452400
2005-05-04,50.695,51.25,50.310001,51.105,38.682907,4391400
2005-05-05,51.060001,51.450001,50.915001000000004,51.195,38.751019,3388600
2005-05-06,51.25,51.485001000000004,50.924999,51.014998999999996,38.614784,5197200
2005-05-09,51.009997999999996,51.549999,50.924999,51.514998999999996,38.993237,4090200
2005-05-10,51.384997999999996,51.490002000000004,50.705002,50.970001,38.580723,3130000
2005-05-11,50.904999,52.060001,50.904999,51.985001000000004,39.349007,4228400
2005-05-12,52.110001000000004,52.110001000000004,50.974998,50.98,38.588276,5514200
2005-05-13,51.105,51.314999,50.025002,50.549999,38.262798,4142800
2005-05-16,50.700001,51.5,50.59,51.389998999999996,38.898628,3174200
2005-05-17,51.264998999999996,52.415001000000004,51.029999,52.325001,39.606358,4721800
2005-05-18,52.290001000000004,52.974998,52.259997999999996,52.875,40.19165,5823600
2005-05-19,52.709998999999996,52.715,52.16,52.5,39.906605,3892600
2005-05-20,52.724998,52.724998,52.005001,52.575001,39.963608,3394400
2005-05-23,52.575001,54.0,52.509997999999996,53.82,40.909981,5094400
2005-05-24,53.57,53.674999,53.025002,53.5,40.666733,4677200
2005-05-25,53.334998999999996,53.5,53.174999,53.415001000000004,40.602108,3070400
2005-05-26,53.75,53.875,53.235001000000004,53.810001,40.902363,3960400
2005-05-27,53.810001,54.0,53.669998,53.939999,41.001183000000005,2023800
2005-05-31,53.740002000000004,53.740002000000004,53.224998,53.349998,40.552723,4134800
2005-06-01,53.459998999999996,54.02,53.275002,53.744999,40.852962,3622200
2005-06-02,53.625,53.654999,53.25,53.544998,40.700943,2319600
2005-06-03,53.299999,53.450001,53.009997999999996,53.125,40.381687,3482800
2005-06-06,53.125,53.705002,53.035,53.474998,40.647732,2271800
2005-06-07,53.5,54.064999,53.490002000000004,53.514998999999996,40.678135,4486400
2005-06-08,53.575001,53.674999,52.93,53.110001000000004,40.370289,4103800
2005-06-09,52.93,53.115002000000004,52.625,52.970001,40.263863,4241600
2005-06-10,52.875,52.880001,51.869999,52.465,39.879996999999996,18454600
2005-06-13,52.25,53.369999,51.970001,52.720001,40.073853,4187600
2005-06-14,53.25,53.509997999999996,52.790001000000004,52.939999,40.241058,3012500
2005-06-15,52.939999,53.099998,52.040001000000004,52.360001000000004,39.800186,4613500
2005-06-16,52.18,52.66,52.150002,52.529999,39.92942,3605900
2005-06-17,53.299999,53.34,52.540001000000004,53.139998999999996,40.393074,4775800
2005-06-20,52.709998999999996,53.389998999999996,52.560001,53.299999,40.514694,3178500
2005-06-21,53.150002,53.25,52.759997999999996,52.900002,40.210651,2837900
2005-06-22,52.990002000000004,53.389998999999996,52.959998999999996,52.959998999999996,40.256264,2831800
2005-06-23,52.970001,53.25,52.32,52.369999,39.807789,3269900
2005-06-24,52.380001,52.66,51.400002,52.119999,39.617764,7309800
2005-06-27,51.759997999999996,51.880001,51.099998,51.52,39.161685999999996,3222400
2005-06-28,51.790001000000004,53.169998,51.599998,53.02,40.301871999999996,3608800
2005-06-29,53.0,53.0,52.25,52.509997999999996,39.914196000000004,3045100
2005-06-30,52.330002,52.5,51.119999,51.349998,39.032459,5781000
2005-07-01,51.400002,51.990002000000004,51.279999,51.380001,39.055264,2160900
2005-07-05,51.389998999999996,52.09,51.099998,51.639998999999996,39.252891999999996,2596800
2005-07-06,51.560001,51.889998999999996,50.349998,50.549999,38.424366,2882500
2005-07-07,50.099998,50.759997999999996,49.66,50.740002000000004,38.568794,3219000
2005-07-08,50.849998,51.77,50.669998,51.540001000000004,39.176888,2794400
2005-07-11,51.900002,51.900002,51.369999,51.790001000000004,39.366909,2360800
2005-07-12,51.689999,51.700001,51.110001000000004,51.169998,38.895634,2989200
2005-07-13,51.330002,51.529999,51.099998,51.450001,39.108482,2385000
2005-07-14,51.549999,51.990002000000004,51.130001,51.610001000000004,39.230087,3603900
2005-07-15,51.84,52.0,51.380001,51.709998999999996,39.306103,2371100
2005-07-18,51.709998999999996,51.799999,51.209998999999996,51.369999,39.047661,1689600
2005-07-19,51.900002,52.599998,51.490002000000004,51.849998,39.412514,3208600
2005-07-20,51.25,51.98,50.889998999999996,51.939999,39.480938,4108100
2005-07-21,52.099998,52.34,51.68,51.799999,39.374512,3681000
2005-07-22,51.669998,51.869999,51.009997999999996,51.139998999999996,38.872840999999994,4004600
2005-07-25,51.349998,51.630001,50.200001,50.450001,38.348347,5075300
2005-07-26,50.549999,50.689999,50.200001,50.360001000000004,38.279934000000004,4866400
2005-07-27,50.310001,50.950001,50.279999,50.810001,38.621990000000004,4498600
2005-07-28,51.5,51.75,51.139998999999996,51.349998,39.032459,4266100
2005-07-29,51.290001000000004,51.299999,50.599998,50.700001,38.53838,2753800
2005-08-01,50.0,50.650002,50.0,50.02,38.021488,3822200
2005-08-02,50.25,50.549999,50.220001,50.25,38.196323,3934500
2005-08-03,50.25,50.25,49.990002000000004,50.099998,38.082294,3303900
2005-08-04,50.080002,50.200001,49.349998,49.52,37.641426,5274200
2005-08-05,49.630001,49.900002,49.200001,49.369999,37.527415999999995,3301400
2005-08-08,49.779999,50.0,49.290001000000004,49.349998,37.512215000000005,3353800
2005-08-09,49.349998,50.360001000000004,49.209998999999996,49.77,37.831455,4884300
2005-08-10,50.18,50.48,49.830002,49.98,37.991089,6518800
2005-08-11,50.330002,51.849998,50.27,51.630001,39.245289,6105100
2005-08-12,51.990002000000004,52.310001,51.75,51.779999,39.35931,4778100
2005-08-15,51.5,51.950001,51.290001000000004,51.75,39.336506,2815500
2005-08-16,51.790001000000004,52.09,51.450001,51.450001,39.108482,2845200
2005-08-17,51.369999,51.759997999999996,51.080002,51.619999,39.406193,2542200
2005-08-18,51.400002,51.700001,51.02,51.5,39.31459,2745400
2005-08-19,51.75,52.200001,51.619999,51.740002000000004,39.497791,2771300
2005-08-22,51.900002,52.34,51.709998999999996,51.869999,39.597038,2206900
2005-08-23,51.880001,52.0,51.400002,51.529999,39.33749,2036500
2005-08-24,51.549999,51.75,50.700001,50.740002000000004,38.734409,3341100
2005-08-25,50.759997999999996,50.990002000000004,50.540001000000004,50.619999,38.642811,2802300
2005-08-26,50.459998999999996,50.580002,50.0,50.290001000000004,38.390873,2330400
2005-08-29,49.869999,50.529999,49.869999,50.360001000000004,38.444313,2270000
2005-08-30,50.02,50.369999,49.68,49.900002,38.093174,3145100
2005-08-31,49.779999,50.09,49.310001,50.0,38.169502,4852600
2005-09-01,49.75,50.59,49.720001,50.02,38.184776,3068800
2005-09-02,50.07,50.849998,50.02,50.599998,38.627541,3263100
2005-09-06,50.98,51.099998,50.650002,51.029999,38.955795,4011400
2005-09-07,51.0,51.349998,50.84,51.310001,39.169552,2626300
2005-09-08,51.0,51.200001,50.68,50.869999,38.833656,2049600
2005-09-09,50.869999,51.450001,50.75,51.439999,39.26878,2098900
2005-09-12,51.43,51.450001,51.139998999999996,51.34,39.192444,2428700
2005-09-13,51.439999,51.970001,51.25,51.52,39.329868,2971700
2005-09-14,51.439999,51.560001,50.810001,50.959998999999996,38.902347999999996,3044000
2005-09-15,51.049999,51.43,50.540001000000004,50.68,38.688590999999995,3203900
2005-09-16,51.150002,51.52,50.900002,51.380001,39.222984000000004,6490000
2005-09-19,51.34,51.34,50.619999,50.880001,38.841286,3726900
2005-09-20,50.880001,51.5,50.880001,51.0,38.932891999999995,2553300
2005-09-21,50.549999,51.07,50.5,50.580002,38.61227,3744800
2005-09-22,50.75,51.02,50.419998,50.889998999999996,38.848923,2655900
2005-09-23,50.889998999999996,51.93,50.709998999999996,51.700001,39.46727,2899600
2005-09-26,52.0,52.200001,51.68,51.790001000000004,39.535976,3293400
2005-09-27,51.790001000000004,52.119999,51.529999,51.950001,39.658112,2438600
2005-09-28,51.869999,52.029999,51.59,51.91,39.627586,3087700
2005-09-29,51.669998,51.84,51.09,51.5,39.31459,3927200
2005-09-30,51.509997999999996,51.880001,51.400002,51.84,39.574135,3334400
2005-10-03,51.639998999999996,52.040001000000004,51.369999,51.700001,39.46727,3025100
2005-10-04,51.700001,51.82,50.389998999999996,50.43,38.497757,3522000
2005-10-05,50.400002,50.630001,49.849998,50.02,38.184776,3917000
2005-10-06,50.25,50.57,49.290001000000004,49.790001000000004,38.009190000000004,4427700
2005-10-07,50.0,50.23,49.540001000000004,50.150002,38.284015999999994,3508100
2005-10-10,50.099998,50.139998999999996,49.619999,50.0,38.169502,2331100
2005-10-11,49.849998,50.200001,49.66,49.91,38.1008,2579000
2005-10-12,49.950001,50.400002,49.529999,50.130001,38.268745,3143800
2005-10-13,50.130001,50.66,50.0,50.490002000000004,38.54356,3103000
2005-10-14,50.75,51.630001,50.5,51.630001,39.413821999999996,4603000
2005-10-17,51.349998,51.360001000000004,50.650002,51.110001000000004,39.016869,3659900
2005-10-18,50.860001000000004,51.419998,49.639998999999996,49.950001,38.131313,6011900
2005-10-19,50.0,51.950001,50.0,51.880001,39.604683,4658000
2005-10-20,51.98,52.360001000000004,51.43,51.82,39.558871999999994,4022900
2005-10-21,51.82,52.459998999999996,50.599998,50.91,38.864193,4272500
2005-10-24,51.049999,51.720001,50.630001,51.599998,39.390923,3437500
2005-10-25,51.490002000000004,51.669998,50.950001,51.23,39.108478999999996,2931000
2005-10-26,51.0,51.630001,50.790001000000004,50.900002,38.856556,3536900
2005-10-27,50.900002,51.07,50.27,50.41,38.482494,2612000
2005-10-28,50.549999,51.450001,50.419998,51.380001,39.222984000000004,2806200
2005-10-31,51.369999,51.650002,51.209998999999996,51.279999,39.146637,3430800
2005-11-01,51.029999,51.150002,50.740002000000004,50.900002,38.856556,3406500
2005-11-02,50.950001,51.09,50.689999,50.880001,38.841286,3872100
2005-11-03,51.299999,51.880001,51.099998,51.509997999999996,39.322231,3687300
2005-11-04,51.950001,52.119999,51.509997999999996,51.630001,39.413821999999996,2476300
2005-11-07,51.75,51.75,51.470001,51.639998999999996,39.421463,2551700
2005-11-08,51.650002,51.68,51.389998999999996,51.529999,39.33749,2146600
2005-11-09,51.529999,52.689999,51.360001000000004,52.540001000000004,40.108513,4850800
2005-11-10,52.740002000000004,52.959998999999996,52.299999,52.880001,40.368057,5236000
2005-11-11,52.959998999999996,53.450001,52.75,53.450001,40.8032,4604300
2005-11-14,53.349998,53.73,53.150002,53.549999,40.879543,4105300
2005-11-15,53.560001,53.720001,53.189999,53.41,40.772667,5399400
2005-11-16,53.439999,53.799999,53.360001000000004,53.57,41.063965,4151700
2005-11-17,53.740002000000004,53.849998,53.450001,53.75,41.201931,3136100
2005-11-18,54.450001,54.450001,53.099998,53.540001000000004,41.040958,3846200
2005-11-21,53.700001,53.939999,53.0,53.799999,41.240246,3028600
2005-11-22,53.75,54.439999,53.610001000000004,54.369999,41.677189,3547300
2005-11-23,54.470001,54.700001,54.18,54.400002,41.700176,2495200
2005-11-25,54.669998,54.700001,54.150002,54.310001,41.631190999999994,794500
2005-11-28,54.360001000000004,54.599998,54.02,54.080002,41.454906,2559900
2005-11-29,54.450001,54.880001,54.150002,54.18,41.53154,3251900
2005-11-30,54.200001,54.490002000000004,53.82,53.84,41.270920000000004,4079500
2005-12-01,54.200001,54.630001,54.150002,54.220001,41.56221,3961500
2005-12-02,54.549999,55.16,54.349998,54.990002000000004,42.152466,3576800
2005-12-05,55.0,55.0,54.330002,54.52,41.792159999999996,2977800
2005-12-06,54.740002000000004,55.400002,54.290001000000004,54.970001,42.137112,3277900
2005-12-07,54.720001,54.91,54.41,54.799999,42.006802,3043700
2005-12-08,54.93,55.450001,54.759997999999996,55.299999,42.390076,2972800
2005-12-09,55.470001,55.93,55.349998,55.419998,42.482075,3473100
2005-12-12,55.970001,56.299999,55.470001,55.549999,42.581715,3887700
2005-12-13,55.5,56.810001,55.299999,56.18,43.064632,4315000
2005-12-14,56.299999,57.470001,56.23,57.09,43.762203,3653600
2005-12-15,57.150002,58.130001,57.150002,57.599998,44.153141,5121900
2005-12-16,58.18,58.889998999999996,57.919998,58.029999,44.482758000000004,7051100
2005-12-19,57.779999,57.939999,57.080002,57.139998999999996,43.800533,3212800
2005-12-20,57.220001,57.759997999999996,57.169998,57.419998,44.015156,3528900
2005-12-21,57.599998,57.939999,57.299999,57.380001,43.984505,3411600
2005-12-22,57.549999,58.099998,57.400002,57.849998,44.344769,3346400
2005-12-23,57.900002,57.959998999999996,57.169998,57.279999,43.907845,1742300
2005-12-27,57.5,57.77,56.57,56.75,43.501568,2566600
2005-12-28,56.75,57.02,56.349998,56.869999,43.593548,1936800
2005-12-29,56.799999,57.200001,56.32,56.330002,43.179634,1529000
2005-12-30,56.049999,56.130001,55.59,55.91,42.857673999999996,2514100
2006-01-03,56.450001,56.66,55.459998999999996,56.529999,43.332935,3716500
2006-01-04,56.799999,56.799999,55.84,56.189999,43.072311,3114500
2006-01-05,56.299999,56.490002000000004,55.630001,55.98,42.911335,3118900
2006-01-06,56.450001,56.669998,56.099998,56.16,43.049313,2874300
2006-01-09,56.369999,56.900002,56.16,56.799999,43.539902000000005,2467200
2006-01-10,56.439999,57.02,56.049999,56.84,43.570568,3677300
2006-01-11,56.700001,56.77,55.59,55.98,42.911335,3161100
2006-01-12,55.75,55.919998,55.119999,55.459998999999996,42.512726,4025300
2006-01-13,55.549999,55.950001,55.549999,55.66,42.666035,2136600
2006-01-17,55.849998,56.48,55.82,55.98,42.911335,3092600
2006-01-18,56.150002,56.529999,55.389998999999996,55.639998999999996,42.650703,2569600
2006-01-19,55.650002,56.310001,55.279999,55.98,42.911335,2620600
2006-01-20,55.98,56.060001,54.700001,55.009997999999996,42.167786,4391400
2006-01-23,55.009997999999996,55.080002,54.200001,54.470001,41.753840999999994,3238400
2006-01-24,55.759997999999996,56.73,55.150002,56.450001,43.271618,6805800
2006-01-25,56.450001,57.0,56.43,57.0,43.693207,6485500
2006-01-26,57.470001,57.549999,56.48,57.52,44.09182,6675600
2006-01-27,58.240002000000004,59.34,57.599998,58.75,45.034679,6284200
2006-01-30,58.540001000000004,58.799999,57.860001000000004,58.360001000000004,44.735706,4657500
2006-01-31,58.0,58.98,57.98,58.369999,44.743378,3981100
2006-02-01,58.119999,58.84,57.599998,58.0,44.459759000000005,4624200
2006-02-02,58.200001,58.400002,57.630001,57.75,44.26812,3668600
2006-02-03,57.759997999999996,57.98,57.0,57.18,43.831184,4889200
2006-02-06,57.349998,57.360001000000004,56.860001000000004,57.09,43.762203,3623100
2006-02-07,57.209998999999996,57.220001,56.75,56.889998999999996,43.608883,3313000
2006-02-08,56.790001000000004,57.009997999999996,56.509997999999996,56.720001,43.478573,2780900
2006-02-09,56.84,57.09,56.200001,56.709998999999996,43.470917,2973100
2006-02-10,56.93,57.459998999999996,56.470001,57.130001,43.792858,2918800
2006-02-13,57.150002,57.459998999999996,56.889998999999996,57.34,43.953835,2523400
2006-02-14,57.34,58.349998,57.16,58.130001,44.559425,2685300
2006-02-15,57.919998,58.389998999999996,57.650002,58.130001,44.72868,2384000
2006-02-16,58.099998,58.330002,57.84,58.200001,44.782551,2618600
2006-02-17,58.299999,58.419998,57.66,58.0,44.628654,3250400
2006-02-21,58.25,58.939999,58.07,58.830002,45.267303000000005,3188400
2006-02-22,58.939999,58.990002000000004,58.529999,58.880001,45.305786,3469400
2006-02-23,58.880001,58.950001,58.5,58.549999,45.051865,2292400
2006-02-24,58.349998,59.150002,58.07,58.889998999999996,45.31348,2475600
2006-02-27,58.880001,59.299999,58.759997999999996,58.759997999999996,45.213444,3247100
2006-02-28,58.700001,59.150002,58.189999,58.5,45.01339,3531800
2006-03-01,58.5,59.09,58.41,58.700001,45.167286,3413000
2006-03-02,58.5,58.82,58.02,58.290001000000004,44.851807,3299100
2006-03-03,57.919998,58.669998,57.639998999999996,57.860001000000004,44.520939,3458000
2006-03-06,57.900002,57.950001,57.400002,57.720001,44.4132,3296300
2006-03-07,57.650002,58.439999,57.43,57.75,44.436302000000005,3042400
2006-03-08,57.900002,58.080002,57.34,57.84,44.505547,2356200
2006-03-09,57.529999,57.700001,57.139998999999996,57.400002,44.166992,3147800
2006-03-10,57.099998,58.220001,57.060001,57.82,44.490162,2905700
2006-03-13,57.950001,58.290001000000004,57.860001000000004,58.0,44.628654,2301500
2006-03-14,58.049999,58.459998999999996,57.919998,58.310001,44.867199,2298500
2006-03-15,58.060001,58.25,57.549999,57.93,44.574795,4114800
2006-03-16,57.830002,58.66,57.610001000000004,58.23,44.80563,3109000
2006-03-17,58.68,59.169998,58.5,58.799999,45.244225,4794400
2006-03-20,58.650002,58.900002,58.490002000000004,58.700001,45.167286,2635300
2006-03-21,58.400002,58.900002,58.259997999999996,58.439999,44.967224,3019100
2006-03-22,58.549999,59.310001,58.549999,59.130001,45.498165,2325900
2006-03-23,59.23,59.240002000000004,58.310001,58.75,45.205757,2095000
2006-03-24,59.099998,59.939999,58.990002000000004,59.279999,45.613564000000004,2737300
2006-03-27,59.16,59.419998,58.799999,59.220001,45.567394,2405800
2006-03-28,59.349998,59.75,58.099998,58.279999,44.844105,3295700
2006-03-29,58.849998,59.150002,58.049999,58.310001,44.867199,3298900
2006-03-30,58.23,58.639998999999996,57.73,58.02,44.644034999999995,2871300
2006-03-31,57.93,58.310001,57.77,57.970001,44.605571999999995,3059900
2006-04-03,58.080002,58.880001,58.029999,58.18,44.76717,2238100
2006-04-04,57.93,58.580002,57.560001,58.150002,44.744076,2204000
2006-04-05,58.0,58.580002,58.0,58.23,44.80563,2267300
2006-04-06,57.98,58.41,57.619999,58.23,44.80563,2051000
2006-04-07,58.380001,58.77,57.349998,57.619999,44.336265999999995,3433500
2006-04-10,57.869999,58.200001,57.57,57.68,44.38242,2140500
2006-04-11,58.049999,58.200001,57.119999,57.41,44.174679,2744000
2006-04-12,57.560001,57.700001,57.07,57.439999,44.197773,2337700
2006-04-13,56.619999,57.400002,56.580002,57.139998999999996,43.96693,3883800
2006-04-17,57.0,57.709998999999996,56.869999,57.5,44.243935,2460400
2006-04-18,57.75,59.049999,57.049999,58.900002,45.321178,6099300
2006-04-19,61.299999,63.080002,61.099998,62.799999,48.322055999999996,12423000
2006-04-20,63.290001000000004,64.269997,63.040001000000004,64.209999,49.407016999999996,7998300
2006-04-21,64.949997,64.949997,63.849998,64.220001,49.414703,5136900
2006-04-24,63.790001000000004,64.800003,63.75,64.529999,49.653228999999996,3490700
2006-04-25,64.599998,64.660004,63.759997999999996,64.150002,49.360836,4177000
2006-04-26,64.160004,64.41999799999999,63.799999,64.209999,49.407016999999996,3585500
2006-04-27,63.310001,64.279999,63.310001,63.900002,49.168471999999994,4020800
2006-04-28,64.150002,64.25,62.599998,62.810001,48.329762,6749400
2006-05-01,63.0,63.049999,62.5,62.93,48.4221,3724700
2006-05-02,63.150002,63.57,62.599998,63.560001,48.906857,2572700
2006-05-03,63.849998,63.849998,62.91,63.360001000000004,48.752959999999995,2300700
2006-05-04,63.73,64.0,63.360001000000004,63.77,49.068439,2773300
2006-05-05,64.300003,65.0,64.010002,64.910004,49.945625,3395300
2006-05-08,65.0,65.400002,64.639999,64.889999,49.930229,4074800
2006-05-09,64.949997,65.449997,64.720001,65.07,50.068745,3211200
2006-05-10,65.199997,66.349998,65.139999,66.150002,50.899765,5287900
2006-05-11,66.029999,66.389999,65.639999,65.82,50.645828,4410600
2006-05-12,65.489998,65.489998,64.699997,64.900002,49.93792,7203400
2006-05-15,64.949997,65.410004,63.880001,64.779999,49.845589000000004,4840200
2006-05-16,65.099998,65.43,64.949997,65.190002,50.161072,5066300
2006-05-17,64.849998,64.93,63.009997999999996,63.75,49.253281,4736600
2006-05-18,63.549999,64.110001,62.540001000000004,62.66,48.411137,3411000
2006-05-19,62.970001,63.099998,62.080002,62.700001,48.442046999999995,4115900
2006-05-22,62.700001,63.380001,62.150002,62.939999,48.627457,3047000
2006-05-23,62.98,63.349998,62.490002000000004,62.490002000000004,48.279796999999995,3585300
2006-05-24,62.619999,63.0,61.75,62.060001,47.947563,4752900
2006-05-25,62.389998999999996,62.700001,61.75,62.389998999999996,48.202529999999996,2757600
2006-05-26,62.700001,62.950001,62.279999,62.599998,48.364765000000006,2363700
2006-05-30,62.650002,63.099998,62.07,62.439999,48.241158,3384500
2006-05-31,62.740002000000004,63.060001,62.23,62.52,48.302963,4260000
2006-06-01,62.849998,63.490002000000004,62.689999,63.200001,48.828334999999996,3086400
2006-06-02,63.200001,63.439999,62.5,63.029999,48.696987,3451200
2006-06-05,62.529999,63.0,61.299999,61.450001,47.476292,3721000
2006-06-06,61.259997999999996,61.799999,59.610001000000004,60.049999,46.394646,7604500
2006-06-07,60.889998999999996,61.139998999999996,59.799999,60.02,46.371471,4708000
2006-06-08,60.130001,60.490002000000004,58.849998,60.310001,46.59552,5954700
2006-06-09,60.200001,60.669998,60.0,60.049999,46.394646,3915500
2006-06-12,60.200001,60.66,59.529999,59.619999,46.062431,3751200
2006-06-13,59.279999,60.25,59.049999,59.450001,45.931087,4382000
2006-06-14,59.299999,59.869999,58.900002,59.619999,46.062431,3650400
2006-06-15,59.5,60.990002000000004,59.299999,60.810001,46.981827,4543700
2006-06-16,60.900002,62.110001000000004,60.700001,61.75,47.708061,6000400
2006-06-19,61.700001,61.77,60.259997999999996,60.900002,47.051369,2941000
2006-06-20,61.189999,61.25,60.5,60.98,47.113174,2237100
2006-06-21,60.700001,62.029999,60.610001000000004,61.490002000000004,47.507195,3388700
2006-06-22,61.27,62.16,60.900002,61.889998999999996,47.816238,2721700
2006-06-23,61.529999,62.709998999999996,61.32,62.279999,48.11755,3085600
2006-06-26,62.189999,62.5,61.779999,62.240002000000004,48.086651,2313100
2006-06-27,61.34,62.41,61.34,61.400002,47.43766,2524500
2006-06-28,61.299999,61.599998,60.599998,61.330002,47.383559999999996,2072000
2006-06-29,61.5,63.540001000000004,61.5,63.290001000000004,48.897865,3764800
2006-06-30,63.290001000000004,63.580002,62.860001000000004,63.419998,48.998306,3705700
2006-07-03,64.0,64.019997,63.580002,63.990002000000004,49.438697999999995,1736900
2006-07-05,63.990002000000004,64.08000200000001,63.360001000000004,63.849998,49.330528,3393400
2006-07-06,64.050003,64.68,63.59,63.849998,49.330528,2774900
2006-07-07,63.75,63.849998,62.5,63.099998,48.751083,2879900
2006-07-10,63.299999,63.470001,62.669998,62.869999,48.57338,2138100
2006-07-11,63.0,64.099998,62.639998999999996,63.84,49.322807,2920800
2006-07-12,64.150002,64.379997,62.93,63.240002000000004,48.859245,3270200
2006-07-13,63.27,63.330002,61.389998999999996,61.43,47.460834999999996,4154600
2006-07-14,61.439999,61.470001,58.299999,58.810001,45.436619,7604500
2006-07-17,59.009997999999996,59.650002,57.450001,57.959998999999996,44.779919,7132700
2006-07-18,59.360001000000004,59.790001000000004,58.220001,58.880001,45.490704,9855000
2006-07-19,59.349998,61.450001,59.009997999999996,61.07,47.182709,8322800
2006-07-20,61.950001,62.07,60.25,60.25,46.549171,6265600
2006-07-21,60.299999,60.310001,59.18,59.959998999999996,46.325108,5622100
2006-07-24,60.16,61.619999,60.07,61.450001,47.476292,5332600
2006-07-25,61.150002,62.240002000000004,60.959998999999996,62.029999,47.924393,4423300
2006-07-26,62.040001000000004,62.200001,61.200001,61.77,47.723521999999996,4157100
2006-07-27,62.220001,62.5,61.400002,61.630001,47.615356,4189500
2006-07-28,61.799999,62.470001,61.799999,62.150002,48.017109000000005,3626900
2006-07-31,61.849998,62.330002,61.75,62.189999,48.048008,2307800
2006-08-01,62.189999,62.5,61.43,61.68,47.653991999999995,3659000
2006-08-02,62.09,62.52,61.75,62.290001000000004,48.125271000000005,2475500
2006-08-03,62.25,63.209998999999996,61.75,62.740002000000004,48.47295,4211900
2006-08-04,63.240002000000004,63.400002,61.779999,62.57,48.341602,2695800
2006-08-07,62.709998999999996,63.240002000000004,62.279999,63.09,48.74334,3111300
2006-08-08,63.09,63.169998,61.509997999999996,61.880001,47.808502000000004,3478200
2006-08-09,62.32,62.549999,60.130001,60.310001,46.59552,5094400
2006-08-10,60.009997999999996,60.68,59.5,60.450001,46.703686,3878500
2006-08-11,60.110001000000004,60.459998999999996,59.560001,60.150002,46.471909000000004,1991800
2006-08-14,60.880001,61.360001000000004,60.349998,60.470001,46.719131,2493100
2006-08-15,61.080002,61.549999,60.75,61.029999,47.151798,2044700
2006-08-16,61.25,62.490002000000004,61.0,62.169998,48.242039,2633300
2006-08-17,61.790001000000004,62.290001000000004,61.57,61.950001,48.071315999999996,2373700
2006-08-18,62.34,62.400002,61.529999,61.84,47.985958000000004,2552000
2006-08-21,61.48,61.59,60.959998999999996,61.459998999999996,47.691093,1866500
2006-08-22,61.360001000000004,61.689999,60.599998,60.900002,47.256557,2174000
2006-08-23,60.66,61.259997999999996,60.389998999999996,60.77,47.155682,1877800
2006-08-24,60.91,61.259997999999996,60.77,60.990002000000004,47.326389,2289000
2006-08-25,60.5,60.990002000000004,60.009997999999996,60.669998,47.078075,1743900
2006-08-28,60.43,61.799999,60.380001,61.529999,47.745403,2580900
2006-08-29,61.299999,62.419998,60.970001,62.169998,48.242039,3403800
2006-08-30,61.900002,62.75,61.720001,62.27,48.31963,2331500
2006-08-31,62.16,62.970001,62.009997999999996,62.709998999999996,48.66106,2792800
2006-09-01,63.0,63.48,62.689999,63.259997999999996,49.087845,2796200
2006-09-05,62.75,63.889998999999996,62.52,63.720001,49.444794,3104800
2006-09-06,63.619999,63.709998999999996,63.0,63.330002,49.142162,4027900
2006-09-07,62.91,63.27,62.209998999999996,62.77,48.707615000000004,2579900
2006-09-08,62.68,63.439999,62.68,63.34,49.149906,1613300
2006-09-11,63.360001000000004,63.490002000000004,62.830002,62.91,48.81625,3016900
2006-09-12,62.759997999999996,63.34,62.299999,63.220001,49.056796999999996,3660800
2006-09-13,63.0,64.160004,62.880001,63.889998999999996,49.576683,2579400
2006-09-14,63.599998,63.880001,62.830002,63.0,48.886089,3310400
2006-09-15,63.849998,64.739998,63.459998999999996,64.610001,50.135406,5655600
2006-09-18,64.400002,64.529999,63.919998,64.07,49.716373,3079300
2006-09-19,63.82,64.220001,63.099998,64.150002,49.778453999999996,2315300
2006-09-20,64.150002,64.489998,63.880001,63.900002,49.584472999999996,3514600
2006-09-21,63.919998,64.040001,62.5,62.900002,48.808495,4782400
2006-09-22,62.529999,62.77,62.189999,62.299999,48.342903,3630500
2006-09-25,62.740002000000004,63.43,62.630001,63.23,49.06456,4219200
2006-09-26,63.810001,63.849998,62.77,63.610001000000004,49.359432,3724400
2006-09-27,63.68,63.799999,63.060001,63.139998999999996,48.99472,2932100
2006-09-28,63.380001,63.73,62.459998999999996,63.66,49.398224,3714600
2006-09-29,63.290001000000004,63.849998,62.91,63.349998,49.157677,4488700
2006-10-02,63.419998,64.5,63.330002,63.900002,49.584472999999996,2798600
2006-10-03,63.66,65.0,63.52,64.800003,50.282841,3400500
2006-10-04,64.690002,65.300003,64.5,65.150002,50.554428,3482200
2006-10-05,65.300003,66.0,65.260002,65.839996,51.089832,2861900
2006-10-06,65.839996,65.949997,65.029999,65.410004,50.756176,2500300
2006-10-09,65.470001,65.769997,64.949997,65.199997,50.593216,2114900
2006-10-10,65.449997,65.809998,65.18,65.300003,50.670821999999994,2424100
2006-10-11,65.300003,65.639999,64.730003,65.519997,50.84153,2495300
2006-10-12,65.93,66.559998,65.690002,66.379997,51.508858000000004,2780000
2006-10-13,66.150002,66.889999,65.93,66.5,51.601986,3604600
2006-10-16,66.5,67.470001,66.440002,66.790001,51.827007,3464000
2006-10-17,67.199997,67.459999,65.029999,65.279999,50.6553,6777700
2006-10-18,65.260002,65.599998,64.800003,65.57,50.880328999999996,4870100
2006-10-19,65.260002,65.5,64.709999,65.0,50.438023,3697800
2006-10-20,65.489998,65.489998,64.550003,65.019997,50.453552,4222900
2006-10-23,65.019997,65.33000200000001,64.660004,64.980003,50.422512,2534000
2006-10-24,64.559998,65.150002,64.5,65.120003,50.531155,2709100
2006-10-25,65.290001,65.489998,64.860001,65.25,50.632011,2852700
2006-10-26,65.239998,65.379997,64.279999,65.239998,50.624245,3080100
2006-10-27,65.0,65.25,64.290001,64.940002,50.391472,2851700
2006-10-30,65.18,65.660004,64.860001,65.519997,50.84153,2098100
2006-10-31,65.82,66.110001,65.529999,65.720001,50.996727,4157900
2006-11-01,65.699997,65.870003,63.709998999999996,64.25,49.856049,5547400
2006-11-02,63.849998,64.480003,63.630001,64.33000200000001,49.918114,2646900
2006-11-03,64.870003,64.980003,63.73,63.970001,49.638775,2928600
2006-11-06,64.5,65.459999,63.970001,65.150002,50.554428,3571300
2006-11-07,65.279999,65.889999,64.949997,65.510002,50.833767,2924700
2006-11-08,65.510002,65.760002,65.0,65.559998,50.872585,2739500
2006-11-09,65.370003,65.650002,64.849998,64.910004,50.368198,2969200
2006-11-10,64.690002,65.400002,64.480003,65.059998,50.484584999999996,2589700
2006-11-13,65.18,65.849998,65.059998,65.32,50.686344,3158700
2006-11-14,65.33000200000001,65.949997,65.0,65.610001,50.911369,2869700
2006-11-15,65.309998,65.800003,65.309998,65.599998,51.110043,3292000
2006-11-16,65.940002,66.93,65.760002,66.760002,52.013813,3866200
2006-11-17,66.769997,66.800003,65.940002,66.089996,51.491817,4332200
2006-11-20,65.910004,66.389999,65.639999,65.870003,51.3204,2098000
2006-11-21,65.709999,65.980003,65.699997,65.83000200000001,51.289242,2639400
2006-11-22,65.720001,66.110001,65.699997,65.790001,51.25808,1702900
2006-11-24,65.699997,66.010002,65.400002,65.989998,51.413887,932900
2006-11-27,65.949997,66.08000200000001,64.839996,64.839996,50.517918,3942300
2006-11-28,64.650002,64.739998,64.160004,64.529999,50.276398,3481200
2006-11-29,64.529999,65.089996,64.33000200000001,64.739998,50.439999,3339700
2006-11-30,64.889999,65.089996,64.120003,64.529999,50.276398,3847300
2006-12-01,64.379997,64.730003,63.439999,63.860001000000004,49.754375,4806300
2006-12-04,64.220001,65.489998,64.029999,64.900002,50.564671000000004,4069100
2006-12-05,64.839996,65.16999799999999,64.519997,64.720001,50.424427,2876300
2006-12-06,64.779999,64.980003,64.559998,64.959999,50.611416,3800900
2006-12-07,65.190002,65.459999,64.610001,64.739998,50.439999,2670700
2006-12-08,64.800003,65.239998,64.5,64.720001,50.424427,3330400
2006-12-11,64.639999,65.07,64.389999,65.010002,50.650356,3391100
2006-12-12,65.199997,65.230003,64.620003,64.800003,50.486748,4758100
2006-12-13,65.150002,65.25,64.110001,64.209999,50.027077,4133700
2006-12-14,62.75,63.310001,61.799999,62.060001,48.351974,17068300
2006-12-15,62.419998,62.490002000000004,62.009997999999996,62.450001,48.655823,8231200
2006-12-18,62.41,62.57,62.139998999999996,62.259997999999996,48.507805,5078700
2006-12-19,62.169998,62.700001,61.830002,62.48,48.679203,6435200
2006-12-20,62.66,63.540001000000004,62.290001000000004,63.220001,49.255756,5651900
2006-12-21,63.220001,63.59,62.650002,62.759997999999996,48.897354,4062600
2006-12-22,62.630001,62.810001,62.400002,62.560001,48.74152,3054100
2006-12-26,62.5,63.32,62.400002,63.23,49.263546000000005,1911500
2006-12-27,63.59,64.209999,62.77,62.939999,49.037597999999996,2264600
2006-12-28,63.130001,63.139998999999996,62.540001000000004,62.810001,48.936302000000005,2533800
2006-12-29,62.799999,63.009997999999996,62.450001,62.52,48.710373,1896500
2007-01-03,62.599998,63.59,62.400002,62.810001,48.936302000000005,4784400
2007-01-04,62.599998,63.0,62.450001,62.869999,48.983059000000004,4928200
2007-01-05,62.599998,62.990002000000004,62.07,62.68,48.835029999999996,4354300
2007-01-08,62.459998999999996,63.59,62.009997999999996,63.189999,49.232372,3347200
2007-01-09,62.970001,63.099998,62.23,62.470001,48.671409999999995,4525000
2007-01-10,62.220001,62.869999,61.849998,62.689999,48.842819,5164200
2007-01-11,62.990002000000004,63.950001,62.720001,63.700001,49.629726,5006700
2007-01-12,63.490002000000004,64.720001,63.400002,64.41999799999999,50.190678000000005,5310900
2007-01-16,64.82,65.0,64.269997,64.529999,50.276398,4114400
2007-01-17,64.68,65.07,64.5,64.82,50.502338,4361200
2007-01-18,64.83000200000001,65.129997,64.010002,64.910004,50.57246,4208500
2007-01-19,65.400002,65.440002,64.849998,65.18,50.782818,4185100
2007-01-22,64.949997,64.949997,63.689999,64.089996,49.933582,4915100
2007-01-23,65.199997,66.730003,65.0,66.139999,51.530777,8117700
2007-01-24,65.980003,66.959999,65.800003,66.83000200000001,52.068356,5243400
2007-01-25,66.970001,67.099998,66.099998,66.209999,51.585297,4677700
2007-01-26,66.110001,66.550003,65.660004,66.040001,51.452858,4598900
2007-01-29,65.620003,66.239998,65.41999799999999,65.690002,51.180168,4321000
2007-01-30,65.940002,67.279999,65.900002,66.949997,52.161854,7571000
2007-01-31,66.83000200000001,68.239998,66.599998,68.019997,52.995491,5206200
2007-02-01,68.050003,68.730003,67.900002,68.58000200000001,53.431808,5902800
2007-02-02,68.75,68.75,67.83000200000001,68.0,52.979918999999995,4539400
2007-02-05,67.989998,68.639999,67.410004,67.769997,52.800713,3531900
2007-02-06,68.029999,68.599998,67.800003,68.410004,53.299362,3606400
2007-02-07,68.410004,68.75,68.08000200000001,68.510002,53.377285,2882300
2007-02-08,68.510002,68.730003,67.839996,68.050003,53.018893999999996,3006300
2007-02-09,68.150002,68.449997,67.440002,67.58000200000001,52.65270600000001,2040900
2007-02-12,67.589996,67.589996,66.779999,67.040001,52.231978999999995,4108200
2007-02-13,67.050003,67.449997,67.0,67.199997,52.356628,3017100
2007-02-14,67.349998,68.440002,67.099998,68.16999799999999,53.322639,3796900
2007-02-15,68.510002,69.349998,68.260002,68.93,53.917126,5398800
2007-02-16,69.269997,69.489998,68.379997,68.68,53.721561,3320200
2007-02-20,68.839996,69.0,67.980003,68.129997,53.291359,6113500
2007-02-21,68.0,68.029999,67.5,67.58000200000001,52.861149,4555100
2007-02-22,67.510002,68.059998,67.059998,67.5,52.798588,3133700
2007-02-23,67.25,67.589996,67.010002,67.550003,52.837672999999995,2619000
2007-02-26,67.800003,68.199997,66.800003,67.230003,52.587376,3182800
2007-02-27,66.25,66.800003,64.75,65.459999,51.202892,6964300
2007-02-28,65.510002,66.32,65.089996,65.639999,51.343693,6182800
2007-03-01,64.68,65.33000200000001,64.07,65.120003,50.936946999999996,7019900
2007-03-02,64.699997,65.010002,64.300003,64.349998,50.334633000000004,5194700
2007-03-05,63.75,64.449997,63.450001,63.540001000000004,49.701057,5176700
2007-03-06,63.830002,64.269997,63.599998,64.18,50.201671999999995,4864500
2007-03-07,64.16999799999999,64.550003,64.0,64.260002,50.264244,4072600
2007-03-08,64.610001,64.889999,64.410004,64.559998,50.498909000000005,2445300
2007-03-09,64.800003,65.0,64.18,64.5,50.451969,2560100
2007-03-12,64.5,65.470001,64.489998,65.349998,51.116844,2535300
2007-03-13,65.199997,65.199997,64.279999,64.309998,50.303340999999996,4101300
2007-03-14,64.459999,64.889999,63.59,64.75,50.647511,4775800
2007-03-15,64.660004,64.849998,64.110001,64.400002,50.373753,3967900
2007-03-16,64.639999,64.790001,64.029999,64.599998,50.530196999999994,5468200
2007-03-19,65.379997,65.650002,64.93,65.07,50.89782,3345300
2007-03-20,65.279999,65.339996,64.760002,65.239998,51.030807,2640100
2007-03-21,65.489998,66.480003,65.400002,66.18,51.766068,3932000
2007-03-22,66.139999,66.5,65.660004,66.08000200000001,51.687855,3109100
2007-03-23,65.879997,66.900002,65.650002,66.730003,52.196284999999996,3403500
2007-03-26,67.199997,67.300003,65.93,66.410004,51.945976,7351700
2007-03-27,66.190002,66.400002,65.91999799999999,66.110001,51.711319,4106600
2007-03-28,65.949997,66.029999,64.860001,65.370003,51.132492,3946500
2007-03-29,65.510002,65.809998,64.900002,64.989998,50.835255,4849500
2007-03-30,64.860001,65.199997,64.309998,65.0,50.843067,5052100
2007-04-02,65.029999,65.400002,64.650002,64.720001,50.62405,4150900
2007-04-03,65.230003,65.5,65.110001,65.269997,51.054272,4352900
2007-04-04,65.480003,65.540001,64.639999,64.93,50.788319,7149100
2007-04-05,64.769997,65.029999,64.599998,64.93,50.788319,4147700
2007-04-09,65.0,65.16999799999999,64.75,65.059998,50.889996000000004,3929000
2007-04-10,65.010002,65.099998,64.230003,64.449997,50.412867999999996,8322500
2007-04-11,64.400002,64.5,63.700001,64.08000200000001,50.123455,6777800
2007-04-12,63.93,64.82,63.650002,64.739998,50.639697999999996,4130000
2007-04-13,64.739998,65.08000200000001,64.410004,65.050003,50.882183000000005,3631100
2007-04-16,65.540001,65.849998,65.190002,65.790001,51.461006,4239300
2007-04-17,65.989998,66.190002,65.449997,66.18,51.766068,4763000
2007-04-18,67.08000200000001,67.33000200000001,66.139999,66.91999799999999,52.344891,7113700
2007-04-19,67.0,67.300003,66.199997,67.220001,52.579547999999996,4944000
2007-04-20,68.489998,68.489998,67.099998,67.480003,52.782936,7625600
2007-04-23,67.550003,68.040001,67.480003,67.779999,53.017596999999995,6091300
2007-04-24,68.07,68.25,67.57,67.769997,53.009766000000006,5300600
2007-04-25,67.910004,68.050003,67.209999,68.040001,53.220955000000004,3872800
2007-04-26,67.870003,68.18,67.589996,67.650002,52.915896999999994,3804800
2007-04-27,67.349998,67.769997,67.150002,67.690002,52.947196999999996,3341000
2007-04-30,67.83000200000001,67.949997,67.099998,67.129997,52.50915500000001,3744700
2007-05-01,66.980003,67.889999,66.980003,67.730003,52.978489,3261000
2007-05-02,67.5,68.629997,67.440002,68.400002,53.502559999999995,4423800
2007-05-03,68.260002,68.400002,67.739998,67.93,53.134918000000006,4659400
2007-05-04,68.290001,68.720001,67.849998,68.0,53.18966700000001,3379200
2007-05-07,68.150002,69.08000200000001,68.029999,69.050003,54.011005000000004,4196900
2007-05-08,68.629997,68.75,68.099998,68.339996,53.455627,3289600
2007-05-09,68.199997,68.800003,68.059998,68.769997,53.791968999999995,3240400
2007-05-10,68.599998,68.790001,67.989998,68.019997,53.205315,3213000
2007-05-11,68.089996,68.5,68.07,68.389999,53.494724,2450900
2007-05-14,68.379997,68.599998,68.0,68.25,53.385222999999996,3020800
2007-05-15,68.519997,69.440002,68.370003,68.5,53.580776,5641500
2007-05-16,68.519997,68.980003,67.959999,68.480003,53.773167,3279900
2007-05-17,68.519997,69.559998,68.370003,69.370003,54.472015,4238900
2007-05-18,69.650002,69.849998,69.0,69.190002,54.330677,4731900
2007-05-21,68.910004,69.099998,68.559998,68.91999799999999,54.118671,5071400
2007-05-22,69.0,69.300003,68.699997,69.209999,54.346378,4175500
2007-05-23,69.25,69.300003,68.690002,68.849998,54.063702,3798100
2007-05-24,69.0,69.5,68.220001,68.260002,53.600414,4000200
2007-05-25,68.07,68.949997,68.0,68.620003,53.883114,2918100
2007-05-29,68.82,69.279999,68.559998,68.989998,54.17363,3278900
2007-05-30,68.559998,69.43,68.300003,69.43,54.519142,3603600
2007-05-31,69.620003,70.68,69.620003,70.550003,55.398602000000004,5412800
2007-06-01,70.900002,71.620003,70.519997,70.779999,55.579207999999994,4572900
2007-06-04,70.33000200000001,71.16999799999999,70.139999,70.82,55.610622,3013300
2007-06-05,70.550003,70.989998,70.33000200000001,70.75,55.555668000000004,4392000
2007-06-06,70.25,70.639999,69.629997,69.91999799999999,54.903881000000005,3606900
2007-06-07,69.910004,69.980003,68.849998,68.870003,54.079399,4266600
2007-06-08,68.980003,70.290001,68.849998,70.230003,55.147343000000006,5808200
2007-06-11,69.849998,70.300003,69.510002,70.18,55.10807,3202400
2007-06-12,69.989998,70.400002,69.519997,69.66999799999999,54.707592000000005,4509700
2007-06-13,69.879997,70.730003,69.599998,70.730003,55.53994399999999,4972100
2007-06-14,70.33000200000001,71.379997,70.33000200000001,71.279999,55.97184,3381300
2007-06-15,71.900002,72.300003,71.690002,72.010002,56.545055000000005,6134600
2007-06-18,72.489998,72.5,71.720001,72.190002,56.68639399999999,3543400
2007-06-19,72.190002,72.300003,71.410004,71.720001,56.317314,4273000
2007-06-20,72.190002,72.639999,71.730003,71.83000200000001,56.403721,4363800
2007-06-21,71.690002,72.290001,71.43,71.949997,56.49794,4031400
2007-06-22,72.050003,72.16999799999999,71.059998,71.379997,56.05035,6117000
2007-06-25,71.32,71.879997,70.910004,71.269997,55.963969999999996,4342400
2007-06-26,71.360001,71.519997,70.370003,70.57,55.414294999999996,4106300
2007-06-27,70.239998,71.559998,70.129997,71.5,56.144577000000005,3912500
2007-06-28,71.279999,71.510002,70.93,71.089996,55.822624,3380500
2007-06-29,71.58000200000001,71.709999,70.5,70.93,55.696987,4027400
2007-07-02,71.470001,72.5,71.400002,72.459999,56.898415,4087100
2007-07-03,72.5,72.860001,72.209999,72.470001,56.906268999999995,1724300
2007-07-05,72.389999,72.720001,72.059998,72.120003,56.631423999999996,3189100
2007-07-06,72.290001,72.879997,72.029999,72.599998,57.008354000000004,2498100
2007-07-09,72.32,72.699997,72.0,72.519997,56.94551800000001,3453900
2007-07-10,71.879997,72.449997,71.690002,72.07,56.592175,5336200
2007-07-11,72.059998,73.0,71.989998,73.0,57.322426,4394400
2007-07-12,73.059998,74.0,73.0,73.989998,58.09983100000001,3958400
2007-07-13,74.25,75.209999,73.709999,75.0,58.892918,4905800
2007-07-16,75.860001,76.980003,75.510002,76.66999799999999,60.204257999999996,7356800
2007-07-17,77.550003,77.82,76.690002,76.839996,60.337742000000006,8750800
2007-07-18,76.0,76.199997,74.849998,75.559998,59.33264200000001,8716700
2007-07-19,76.18,77.400002,75.089996,77.18,60.604717,8376000
2007-07-20,77.190002,77.230003,75.839996,76.029999,59.701693999999996,6738500
2007-07-23,76.57,76.839996,75.970001,76.220001,59.850887,5153000
2007-07-24,75.739998,76.309998,74.699997,74.739998,58.688759,5904000
2007-07-25,75.08000200000001,75.739998,74.709999,75.190002,59.04213000000001,4735900
2007-07-26,74.760002,76.43,73.809998,74.449997,58.461029,9314600
2007-07-27,74.739998,74.849998,73.099998,73.290001,57.550148,7375200
2007-07-30,72.91999799999999,74.129997,72.91999799999999,73.629997,57.817131,4969800
2007-07-31,75.0,75.0,72.970001,72.970001,57.298874,5920000
2007-08-01,73.050003,74.739998,72.449997,74.650002,58.61806899999999,7022000
2007-08-02,74.370003,74.970001,73.83000200000001,74.760002,58.704464,4871900
2007-08-03,74.970001,75.410004,73.839996,73.93,58.052704000000006,6266000
2007-08-06,76.58000200000001,76.709999,73.220001,74.849998,58.775127000000005,6103400
2007-08-07,74.839996,74.849998,73.519997,74.150002,58.22546,5499600
2007-08-08,74.07,75.230003,73.5,74.050003,58.146923,5338600
2007-08-09,74.040001,74.91999799999999,72.370003,72.370003,56.827746999999995,6197500
2007-08-10,71.459999,73.68,71.07,73.08000200000001,57.385262,5874500
2007-08-13,73.08000200000001,74.389999,73.050003,74.010002,58.11552,3852700
2007-08-14,74.050003,74.25,72.58000200000001,72.779999,57.149666,3950200
2007-08-15,72.610001,72.809998,71.440002,71.629997,56.495075,4539900
2007-08-16,70.589996,71.400002,69.0,71.08000200000001,56.061271999999995,9437800
2007-08-17,72.540001,74.220001,71.559998,73.82,58.222324,8434000
2007-08-20,73.699997,75.019997,72.959999,74.699997,58.916374,6394400
2007-08-21,74.589996,74.699997,72.58000200000001,72.940002,57.528271,5521400
2007-08-22,73.139999,74.220001,73.010002,73.870003,58.261768000000004,4473800
2007-08-23,73.809998,74.0,73.089996,73.300003,57.812194999999996,3478400
2007-08-24,73.360001,74.459999,73.010002,74.33000200000001,58.62458,2980100
2007-08-27,74.059998,74.220001,73.5,73.720001,58.143467,2664700
2007-08-28,73.300003,73.709999,71.900002,72.0,56.786880000000004,4198000
2007-08-29,72.230003,74.480003,72.120003,74.349998,58.64034300000001,4129500
2007-08-30,73.410004,74.550003,73.269997,73.839996,58.238094,2768400
2007-08-31,74.470001,75.5,74.33000200000001,74.629997,58.861191000000005,3931500
2007-09-04,74.75,74.83000200000001,73.699997,74.43,58.703438,4476500
2007-09-05,73.900002,74.449997,73.110001,73.449997,57.930507999999996,4521000
2007-09-06,73.739998,75.110001,73.449997,75.010002,59.160881,3679900
2007-09-07,74.0,74.449997,73.639999,73.790001,58.198666,3810400
2007-09-10,74.290001,74.949997,73.110001,74.489998,58.750755000000005,3060100
2007-09-11,74.699997,74.980003,73.709999,74.66999799999999,58.892727,5534100
2007-09-12,74.75,75.5,74.370003,74.839996,59.02680600000001,3507400
2007-09-13,75.32,75.400002,74.57,75.019997,59.168766000000005,4020900
2007-09-14,75.050003,76.370003,74.980003,76.139999,60.05213199999999,4088500
2007-09-17,75.699997,76.239998,75.519997,75.83000200000001,59.80764,2595400
2007-09-18,75.910004,78.300003,75.459999,78.160004,61.645306000000005,5398900
2007-09-19,78.269997,78.989998,78.050003,78.900002,62.22897,5132300
2007-09-20,78.510002,79.040001,78.25,78.730003,62.094882999999996,3814300
2007-09-21,79.589996,79.949997,78.730003,79.43,62.64696899999999,6473800
2007-09-24,79.440002,79.75,78.650002,78.690002,62.06330500000001,3858800
2007-09-25,78.690002,80.0,78.519997,79.93,63.041306000000006,4668900
2007-09-26,79.910004,80.75,79.610001,80.199997,63.254265000000004,4652700
2007-09-27,80.5,80.779999,79.940002,80.690002,63.640755000000006,3388400
2007-09-28,80.309998,80.980003,80.110001,80.480003,63.475128000000005,3197000
2007-10-01,80.480003,82.370003,80.480003,82.07,64.729134,4617500
2007-10-02,82.0,82.5,80.220001,80.620003,63.585544999999996,4346900
2007-10-03,80.400002,80.699997,79.389999,79.66999799999999,62.836262,4402200
2007-10-04,79.599998,80.699997,79.599998,80.089996,63.167511,2251500
2007-10-05,80.239998,81.150002,80.239998,80.839996,63.75905600000001,4035900
2007-10-08,80.839996,81.279999,80.209999,80.360001,63.380458999999995,3212000
2007-10-09,80.300003,81.459999,80.199997,81.199997,64.04298399999999,2957700
2007-10-10,81.32,81.5,79.389999,80.5,63.490887,3476800
2007-10-11,80.860001,81.199997,78.639999,79.25,62.505005000000004,4732800
2007-10-12,79.58000200000001,80.620003,79.08000200000001,80.32,63.348915000000005,2957200
2007-10-15,81.16999799999999,81.16999799999999,79.269997,79.870003,62.994021999999994,3239500
2007-10-16,80.129997,80.730003,79.129997,79.650002,62.820488,4012500
2007-10-17,80.08000200000001,80.489998,75.57,76.800003,60.572666000000005,14331700
2007-10-18,76.769997,78.239998,76.519997,77.43,61.069568999999994,6536400
2007-10-19,77.269997,77.599998,75.870003,76.0,59.941689000000004,9964500
2007-10-22,75.489998,76.550003,75.129997,75.800003,59.78397,5903700
2007-10-23,76.449997,76.599998,75.41999799999999,76.019997,59.957474,4091800
2007-10-24,75.809998,76.650002,75.199997,76.489998,60.328159,5271500
2007-10-25,76.75,76.949997,75.389999,75.720001,59.720879000000004,5572700
2007-10-26,76.110001,76.32,74.940002,75.440002,59.500034,5768300
2007-10-29,75.66999799999999,76.040001,75.209999,75.779999,59.768181000000006,2988200
2007-10-30,75.550003,76.489998,75.389999,75.82,59.799755000000005,3754600
2007-10-31,75.879997,76.709999,75.300003,76.589996,60.40704,5291300
2007-11-01,75.110001,76.029999,74.589996,74.720001,58.932156000000006,5299400
2007-11-02,74.900002,75.900002,74.5,75.650002,59.665684,3816400
2007-11-05,75.0,76.510002,75.0,76.110001,60.028442000000005,3896800
2007-11-06,76.16999799999999,76.75,75.610001,76.620003,60.43070600000001,3531900
2007-11-07,76.110001,76.470001,74.370003,74.459999,58.727084999999995,4954700
2007-11-08,74.82,75.139999,74.019997,74.699997,58.916374,6180200
2007-11-09,74.309998,74.470001,73.41999799999999,73.510002,57.977821,6889500
2007-11-12,73.230003,74.82,73.230003,73.93,58.309086,5271200
2007-11-13,74.400002,75.370003,74.0,75.33000200000001,59.41328000000001,4360900
2007-11-14,75.690002,75.83000200000001,74.720001,74.91999799999999,59.341995,3658000
2007-11-15,74.769997,74.849998,73.379997,73.949997,58.573668999999995,4676800
2007-11-16,74.599998,74.760002,73.370003,74.300003,58.850899,4670100
2007-11-19,73.849998,74.08000200000001,72.83000200000001,73.529999,58.24101999999999,5527400
2007-11-20,73.800003,75.0,73.559998,74.32,58.866733999999994,5331200
2007-11-21,72.709999,74.129997,72.68,72.779999,57.646946,4394600
2007-11-23,73.120003,73.529999,72.800003,73.459999,58.185577,1473200
2007-11-26,73.440002,74.220001,72.599998,72.68,57.567741000000005,3940200
2007-11-27,73.139999,74.260002,72.599998,74.0,58.613257999999995,5245000
2007-11-28,74.709999,76.260002,74.41999799999999,75.849998,60.078617,5746800
2007-11-29,75.75,75.91999799999999,75.190002,75.440002,59.753876,3190400
2007-11-30,76.16999799999999,76.559998,74.489998,74.769997,59.223164000000004,5345500
2007-12-03,74.019997,75.300003,74.019997,74.93,59.349895,4781400
2007-12-04,74.33000200000001,75.389999,74.33000200000001,74.75,59.207329,3440400
2007-12-05,76.199997,76.93,76.0,76.849998,60.870674,4847700
2007-12-06,76.82,78.040001,76.220001,77.989998,61.773635999999996,4550400
2007-12-07,77.870003,78.400002,77.41999799999999,78.07,61.837017,3622400
2007-12-10,78.129997,78.949997,78.129997,78.83000200000001,62.438984,2401100
2007-12-11,78.83000200000001,79.300003,76.260002,76.41999799999999,60.530079,5599000
2007-12-12,78.260002,78.260002,75.800003,76.779999,60.815243,5224000
2007-12-13,76.559998,77.809998,75.5,77.610001,61.472649,3458200
2007-12-14,77.099998,77.970001,76.449997,76.690002,60.743961,5065200
2007-12-17,76.480003,76.650002,74.83000200000001,75.040001,59.437034999999995,4470400
2007-12-18,75.800003,76.18,74.629997,75.91999799999999,60.13404499999999,4397400
2007-12-19,76.050003,76.599998,74.949997,75.800003,60.039028,3842600
2007-12-20,76.199997,76.480003,75.550003,76.400002,60.514244,3471600
2007-12-21,76.589996,78.0,76.589996,77.83000200000001,61.646923,6667600
2007-12-24,77.779999,78.849998,77.75,78.18,61.924122,2477800
2007-12-26,78.160004,78.33000200000001,77.160004,77.82,61.639008,2529400
2007-12-27,78.08000200000001,78.199997,76.529999,76.839996,60.862747,2366500
2007-12-28,77.25,77.529999,76.610001,76.870003,60.886539,1969900
2007-12-31,76.769997,77.139999,76.269997,76.540001,60.625153000000005,2467100
2008-01-02,76.639999,77.139999,74.849998,75.209999,59.571690000000004,4262900
2008-01-03,75.309998,76.690002,75.019997,76.279999,60.419208999999995,4355800
2008-01-04,75.690002,76.190002,74.900002,75.019997,59.421211,5540300
2008-01-07,75.33000200000001,75.699997,74.099998,74.66999799999999,59.143958999999995,5850900
2008-01-08,75.190002,75.190002,71.440002,71.790001,56.862816,8250900
2008-01-09,71.660004,73.07,70.559998,71.959999,56.997452,9232300
2008-01-10,71.559998,72.769997,70.029999,72.389999,57.338055000000004,7131600
2008-01-11,71.870003,72.470001,71.279999,71.68,56.77566899999999,5701600
2008-01-14,72.110001,72.5,71.610001,72.190002,57.179634,4291900
2008-01-15,71.940002,72.290001,71.18,71.360001,56.522209,4562500
2008-01-16,71.279999,72.25,70.620003,71.040001,56.268753000000004,7095600
2008-01-17,70.980003,71.209999,67.660004,68.089996,53.932140000000004,9203500
2008-01-18,68.58000200000001,70.0,67.709999,68.050003,53.900463,9047600
2008-01-22,65.480003,68.040001,65.199997,67.239998,53.258873,11280000
2008-01-23,66.300003,71.389999,66.08000200000001,70.980003,56.22121800000001,12312800
2008-01-24,71.410004,72.870003,71.150002,72.559998,57.472698,8412400
2008-01-25,73.529999,74.220001,72.5,72.75,57.623192,8006300
2008-01-28,72.449997,73.949997,71.989998,73.730003,58.399421999999994,5819900
2008-01-29,74.269997,74.32,72.709999,73.18,57.963779,4904200
2008-01-30,72.949997,74.410004,72.339996,72.75,57.623192,6561400
2008-01-31,71.650002,74.0,71.650002,73.269997,58.03508000000001,7019700
2008-02-01,73.5,74.260002,73.25,74.120003,58.708313000000004,4609000
2008-02-04,74.120003,74.309998,73.599998,74.050003,58.652878,3344100
2008-02-05,72.900002,73.739998,72.199997,72.349998,57.306374,6287600
2008-02-06,72.699997,72.940002,71.699997,71.870003,56.926163,4697800
2008-02-07,71.529999,71.910004,70.83000200000001,71.470001,56.609325,7327200
2008-02-08,71.220001,72.089996,70.83000200000001,71.349998,56.514286,5001200
2008-02-11,71.470001,71.660004,70.41999799999999,71.57,56.688549,3630800
2008-02-12,71.879997,73.5,71.720001,72.82,57.678631,5039500
2008-02-13,73.360001,73.519997,72.440002,73.519997,58.490111999999996,4690000
2008-02-14,73.690002,73.699997,72.480003,72.650002,57.797996999999995,4003500
2008-02-15,72.5,72.5,70.959999,71.529999,56.906948,5271700
2008-02-19,72.489998,72.650002,71.790001,71.949997,57.24108100000001,3932600
2008-02-20,71.459999,72.099998,70.900002,72.050003,57.320643999999994,3693100
2008-02-21,72.16999799999999,72.18,70.83000200000001,70.889999,56.397774,4581200
2008-02-22,70.690002,72.440002,70.690002,72.230003,57.463843999999995,3706800
2008-02-25,72.41999799999999,73.57,72.199997,73.410004,58.402618000000004,6395800
2008-02-26,72.91999799999999,73.75,72.690002,73.290001,58.307137,5176400
2008-02-27,73.050003,73.459999,72.5,72.93,58.020725,5050900
2008-02-28,72.550003,72.860001,71.790001,72.16999799999999,57.416107,4218900
2008-02-29,71.239998,71.849998,70.360001,70.510002,56.095455,4676500
2008-03-03,69.940002,69.940002,68.199997,69.400002,55.212387,8237300
2008-03-04,68.900002,69.08000200000001,68.199997,68.900002,54.814602,8104200
2008-03-05,68.290001,70.279999,68.290001,69.730003,55.474922,5346400
2008-03-06,69.529999,70.190002,68.82,68.83000200000001,54.75889599999999,4907700
2008-03-07,68.489998,69.279999,67.360001,67.489998,53.692848,6758200
2008-03-10,67.599998,67.599998,66.139999,66.230003,52.690426,7074100
2008-03-11,67.589996,68.370003,66.529999,68.370003,54.39294399999999,5990200
2008-03-12,68.5,69.019997,68.050003,68.199997,54.25768299999999,4332300
2008-03-13,67.389999,68.989998,67.08000200000001,68.510002,54.50433,5171900
2008-03-14,69.150002,69.150002,66.949997,67.709999,53.867881999999994,6022500
2008-03-17,66.290001,68.190002,66.290001,67.559998,53.748512,7766200
2008-03-18,68.879997,69.860001,68.349998,69.83000200000001,55.554485,7056600
2008-03-19,69.620003,70.489998,68.760002,68.760002,54.703201,6099400
2008-03-20,68.849998,69.68,68.139999,69.010002,54.90211899999999,6408100
2008-03-24,69.41999799999999,70.699997,69.199997,70.339996,55.96021700000001,4318900
2008-03-25,70.41999799999999,70.599998,69.550003,70.160004,55.817013,4624000
2008-03-26,69.900002,69.910004,69.209999,69.610001,55.379459,4235300
2008-03-27,70.010002,70.58000200000001,69.269997,69.410004,55.22032900000001,4293400
2008-03-28,69.739998,70.239998,68.339996,68.550003,54.53614399999999,4842200
2008-03-31,68.660004,69.33000200000001,68.160004,68.82,54.75095400000001,5188800
2008-04-01,69.239998,71.599998,69.239998,71.239998,56.676219999999994,7358100
2008-04-02,71.730003,71.839996,70.839996,71.18,56.62849,5325700
2008-04-03,71.120003,71.139999,70.16999799999999,70.760002,56.294357,3648200
2008-04-04,70.730003,72.400002,70.699997,71.730003,57.066051,4539700
2008-04-07,72.099998,72.57,71.480003,71.790001,57.113772999999995,3915800
2008-04-08,71.349998,71.800003,71.0,71.800003,57.121742000000005,3091600
2008-04-09,71.699997,72.019997,70.300003,70.809998,56.334122,4340200
2008-04-10,70.68,72.18,70.589996,71.849998,57.161530000000006,4457000
2008-04-11,70.690002,70.989998,69.349998,69.529999,55.315811,7797400
2008-04-14,69.370003,70.410004,69.370003,69.989998,55.681767,5101000
2008-04-15,70.5,71.449997,70.050003,70.839996,56.357983,4403900
2008-04-16,71.150002,73.230003,71.150002,72.629997,57.78207,6429800
2008-04-17,71.33000200000001,71.41999799999999,70.089996,70.790001,56.318226,6664400
2008-04-18,72.129997,72.610001,71.190002,72.510002,57.686592000000005,7034800
2008-04-21,71.980003,72.339996,71.599998,72.089996,57.352436,3622900
2008-04-22,71.650002,71.900002,70.91999799999999,71.440002,56.835339000000005,4094200
2008-04-23,71.849998,72.339996,71.040001,71.860001,57.16948299999999,4533700
2008-04-24,72.0,73.129997,71.760002,72.699997,57.837727,4519100
2008-04-25,73.0,73.110001,72.089996,72.68,57.821819,3398200
2008-04-28,72.529999,73.599998,72.529999,73.040001,58.108238,4060900
2008-04-29,73.089996,73.360001,72.339996,73.110001,58.163920999999995,3380800
2008-04-30,73.110001,73.839996,72.33000200000001,72.470001,57.654773999999996,5035700
2008-05-01,72.5,74.699997,72.5,74.5,59.269775,5167200
2008-05-02,74.900002,75.400002,74.589996,75.099998,59.747131,5497200
2008-05-05,74.690002,75.0,74.41999799999999,74.620003,59.36523100000001,3386200
2008-05-06,74.480003,74.91999799999999,73.839996,74.68,59.412971,2564300
2008-05-07,74.860001,75.0,73.029999,73.029999,58.100292,4349500
2008-05-08,73.349998,74.339996,73.230003,74.059998,58.91972,3825900
2008-05-09,73.629997,73.629997,72.389999,73.129997,58.179843999999996,3988200
2008-05-12,73.16999799999999,74.57,73.129997,74.57,59.325458999999995,3333200
2008-05-13,74.610001,75.220001,74.16999799999999,74.91999799999999,59.603896999999996,3396800
2008-05-14,75.08000200000001,75.860001,74.660004,75.160004,60.051338,4479000
2008-05-15,74.849998,75.019997,74.059998,74.290001,59.35623199999999,4928000
2008-05-16,74.260002,74.559998,73.489998,73.959999,59.092564,5709700
2008-05-19,73.790001,75.0,73.760002,74.360001,59.412151,3627700
2008-05-20,74.099998,74.25,73.010002,73.400002,58.645138,5023600
2008-05-21,73.66999799999999,74.019997,71.870003,72.019997,57.542545,6014100
2008-05-22,72.019997,72.360001,71.550003,71.839996,57.398716,3920800
2008-05-23,71.260002,71.43,69.889999,70.010002,55.936588,7029500
2008-05-27,69.870003,70.839996,69.83000200000001,70.800003,56.56776800000001,4619400
2008-05-28,71.029999,71.220001,69.730003,70.230003,56.112377,4960400
2008-05-29,69.959999,71.099998,69.5,70.230003,56.112377,5738200
2008-05-30,70.300003,71.230003,69.760002,71.040001,56.759533,5305600
2008-06-02,70.43,71.029999,70.010002,70.730003,56.51185600000001,4366500
2008-06-03,70.970001,71.099998,69.260002,69.760002,55.736855000000006,6935200
2008-06-04,69.410004,69.709999,68.949997,69.260002,55.337357,7153700
2008-06-05,69.440002,70.099998,69.07,69.970001,55.904617,5444200
2008-06-06,69.43,69.43,66.93,67.010002,53.539668999999996,11831800
2008-06-09,67.360001,67.739998,66.470001,67.550003,53.971104000000004,6224000
2008-06-10,67.199997,67.610001,67.019997,67.08000200000001,53.595566000000005,5212300
2008-06-11,67.050003,67.199997,66.589996,66.650002,53.252014,6100500
2008-06-12,67.32,69.0,67.150002,67.91999799999999,54.26671999999999,8033700
2008-06-13,68.459999,69.139999,68.07,68.559998,54.778061,5055200
2008-06-16,68.349998,69.230003,67.910004,68.879997,55.033741000000006,4931700
2008-06-17,69.370003,69.370003,68.190002,68.410004,54.658226,5220900
2008-06-18,67.849998,68.690002,67.849998,68.07,54.386562,5021200
2008-06-19,68.16999799999999,69.0,66.989998,68.82,54.985802,5261000
2008-06-20,68.43,68.940002,67.779999,68.800003,54.969826,8822500
2008-06-23,69.230003,69.230003,68.43,68.82,54.985802,4618400
2008-06-24,68.699997,69.0,67.949997,68.160004,54.458496,5778700
2008-06-25,67.900002,68.279999,65.82,66.019997,52.748656999999994,10966100
2008-06-26,65.410004,65.68,62.650002,62.790001000000004,50.167946,14575300
2008-06-27,62.73,62.75,61.049999,61.150002,48.857634999999995,13526000
2008-06-30,61.150002,62.150002,60.509997999999996,61.700001,49.29707,9812800
2008-07-01,60.900002,61.34,59.549999,60.68,48.482105,14621100
2008-07-02,61.02,61.209998999999996,59.700001,59.700001,47.699116,9032400
2008-07-03,60.080002,61.09,59.990002000000004,61.049999,48.777725,5401400
2008-07-07,61.189999,62.060001,60.220001,60.580002,48.402206,7265500
2008-07-08,60.5,62.459998999999996,60.5,61.77,49.352993,6953300
2008-07-09,61.959998999999996,62.18,61.02,61.119999,48.833664,8425900
2008-07-10,61.119999,62.400002,61.119999,62.169998,49.672577000000004,6793500
2008-07-11,61.310001,61.799999,59.759997999999996,60.689999,48.490101,8627600
2008-07-14,61.299999,61.560001,60.150002,61.049999,48.777725,4474200
2008-07-15,60.68,60.84,58.869999,60.080002,48.002720000000004,6742800
2008-07-16,60.16,61.25,58.959998999999996,61.110001000000004,48.825661,8582700
2008-07-17,64.5,65.309998,62.580002,64.699997,51.694016,14445600
2008-07-18,65.0,65.0,63.400002,64.089996,51.206627000000005,7980500
2008-07-21,64.480003,64.480003,63.310001,64.050003,51.174679,4690200
2008-07-22,64.089996,65.33000200000001,63.709998999999996,65.269997,52.149426,6555000
2008-07-23,65.470001,65.959999,64.739998,65.779999,52.5569,6400300
2008-07-24,65.940002,65.980003,64.040001,64.199997,51.294514,6510800
2008-07-25,64.389999,65.290001,64.370003,65.230003,52.117461999999996,5081900
2008-07-28,65.480003,65.480003,64.010002,64.07,51.190643,4648200
2008-07-29,64.040001,65.629997,64.0,65.519997,52.349152000000004,5699900
2008-07-30,65.639999,66.620003,65.379997,66.25,52.932418999999996,5697900
2008-07-31,65.800003,66.050003,63.950001,63.98,51.118736,6844300
2008-08-01,64.07,64.33000200000001,62.939999,63.560001,50.783173,6094400
2008-08-04,63.470001,64.230003,62.650002,63.759997999999996,50.942966,5049800
2008-08-05,64.160004,65.599998,63.669998,65.540001,52.365162,5641400
2008-08-06,65.389999,66.739998,64.91999799999999,66.550003,53.172134,7149000
2008-08-07,65.83000200000001,65.949997,64.639999,64.739998,51.725975,6972200
2008-08-08,64.889999,66.949997,64.5,66.860001,53.419796,5910100
2008-08-11,66.690002,67.599998,66.349998,67.220001,53.707423999999996,4739700
2008-08-12,66.959999,67.239998,66.300003,66.510002,53.140170999999995,4388800
2008-08-13,66.139999,66.559998,65.209999,66.099998,53.067905,4356400
2008-08-14,65.709999,67.0,65.309998,66.120003,53.083960999999995,4571900
2008-08-15,66.349998,67.300003,66.029999,66.800003,53.62989399999999,4445900
2008-08-18,67.110001,67.110001,65.279999,65.83000200000001,52.851135,4439600
2008-08-19,65.290001,65.459999,64.610001,64.949997,52.144634,3936500
2008-08-20,64.980003,65.150002,63.990002000000004,64.75,51.984051,4520400
2008-08-21,64.099998,64.68,63.52,64.209999,51.550526,4074700
2008-08-22,64.879997,66.059998,63.0,65.980003,52.971557999999995,4098100
2008-08-25,65.699997,65.790001,64.480003,64.959999,52.152671999999995,4590300
2008-08-26,64.650002,65.129997,64.360001,64.889999,52.096478000000005,3123700
2008-08-27,64.860001,65.300003,64.5,65.050003,52.224922,3678000
2008-08-28,65.389999,66.980003,65.010002,66.720001,53.56567,3580500
2008-08-29,66.339996,66.889999,65.43,65.589996,52.658451,3986800
2008-09-02,66.43,67.949997,65.699997,66.160004,53.116085,5535000
2008-09-03,67.800003,67.800003,66.300003,67.41999799999999,54.127646999999996,5819500
2008-09-04,66.720001,66.989998,64.239998,64.879997,52.088440000000006,8575600
2008-09-05,64.480003,65.07,63.68,64.08000200000001,51.446159,6804400
2008-09-08,65.269997,66.08000200000001,64.300003,65.779999,52.811005,7362800
2008-09-09,65.559998,66.0,64.110001,64.110001,51.470242,7440800
2008-09-10,64.449997,64.449997,62.900002,63.32,50.836002,6220500
2008-09-11,62.990002000000004,63.93,62.32,63.93,51.325733,7178300
2008-09-12,63.41,64.900002,63.349998,64.459999,51.751244,5847900
2008-09-15,62.830002,64.120003,62.52,63.119999,50.675442,8135200
2008-09-16,62.16,63.790001000000004,61.900002,63.110001000000004,50.667408,9600500
2008-09-17,62.27,62.580002,60.59,60.709998999999996,48.740578,9021400
2008-09-18,61.330002,62.779999,59.639998999999996,62.490002000000004,50.169647,10685500
2008-09-19,64.510002,66.989998,61.009997999999996,64.300003,51.622791,11065200
2008-09-22,63.529999,64.599998,61.279999,61.619999,49.471169,7456300
2008-09-23,61.700001,62.470001,59.959998999999996,60.150002,48.290993,6570000
2008-09-24,59.630001,60.720001,59.130001,59.630001,47.873501,5877000
2008-09-25,60.110001000000004,60.459998999999996,58.869999,59.169998,47.504211,8026300
2008-09-26,58.119999,60.919998,57.790001000000004,60.860001000000004,48.861008,6114000
2008-09-29,59.889998999999996,60.200001,56.150002,56.66,45.489063,9812000
2008-09-30,57.330002,60.360001000000004,56.970001,60.060001,48.218746,9067200
2008-10-01,59.48,59.959998999999996,58.619999,59.119999,47.464062,8265000
2008-10-02,58.450001,58.889998999999996,54.889998999999996,54.98,44.140289,10462400
2008-10-03,56.360001000000004,57.099998,54.790001000000004,54.860001000000004,44.043953,9731800
2008-10-06,53.880001,54.48,50.310001,52.650002,42.269672,12764000
2008-10-07,52.540001000000004,53.990002000000004,50.029999,50.119999,40.238476,10923800
2008-10-08,48.799999,51.990002000000004,48.66,49.68,39.885227,13993600
2008-10-09,50.740002000000004,50.950001,46.330002,46.330002,37.195709,11778800
2008-10-10,45.009997999999996,50.630001,43.279999,47.630001,38.239399,20988600
2008-10-13,49.299999,54.189999,48.939999,54.130001,43.45787,13733800
2008-10-14,57.630001,57.630001,51.610001000000004,52.529999,42.173328000000005,15726500
2008-10-15,51.389998999999996,54.290001000000004,48.82,49.25,39.540001000000004,14549700
2008-10-16,49.700001,53.470001,47.630001,52.880001,42.454308000000005,16098700
2008-10-17,52.73,53.509997999999996,50.34,50.709998999999996,40.712154,11420200
2008-10-20,51.349998,52.290001000000004,49.25,52.23,41.932476,10999700
2008-10-21,51.200001,52.290001000000004,50.41,50.950001,40.904839,7271100
2008-10-22,49.830002,50.66,47.509997999999996,48.599998,39.018153999999996,9802700
2008-10-23,48.959998999999996,49.959998999999996,46.07,48.689999,39.090416,12021000
2008-10-24,45.18,48.91,45.040001000000004,47.310001,37.982483,9156100
2008-10-27,46.68,47.779999,45.0,45.18,36.272446,8291100
2008-10-28,46.25,51.459998999999996,45.669998,51.290001000000004,41.177807,11088800
2008-10-29,51.799999,54.0,50.900002,52.080002,41.812053999999996,11542300
2008-10-30,53.959998999999996,54.84,51.740002000000004,53.57,43.00827,8066900
2008-10-31,54.0,55.619999,52.5,54.959998999999996,44.124229,7420000
2008-11-03,54.959998999999996,55.700001,54.09,54.25,43.554221999999996,4123500
2008-11-04,56.0,57.639998999999996,55.389998999999996,57.25,45.962753,8033900
2008-11-05,56.459998999999996,56.939999,53.5,53.669998,43.088577,8107000
2008-11-06,53.18,54.200001,50.23,50.610001000000004,40.631865999999995,8765200
2008-11-07,50.919998,51.959998999999996,50.150002,51.810001,41.595287,6065700
2008-11-10,53.02,54.240002000000004,51.41,52.189999,41.900375,6871400
2008-11-11,51.41,53.0,50.0,51.799999,41.58725,6738000
2008-11-12,50.799999,50.849998,48.93,49.009997999999996,39.641956,6928600
2008-11-13,49.799999,52.450001,46.57,52.279999,42.286922,11826400
2008-11-14,51.290001000000004,53.560001,49.740002000000004,50.23,40.628769,7227600
2008-11-17,49.610001000000004,50.540001000000004,48.009997999999996,48.150002,38.946327000000004,8027800
2008-11-18,47.650002,49.5,47.200001,49.32,39.892703999999995,9062100
2008-11-19,49.139998999999996,49.549999,45.860001000000004,45.990002000000004,37.199219,9944300
2008-11-20,45.299999,46.389998999999996,42.759997999999996,43.220001,34.958690999999995,16485300
2008-11-21,43.779999,47.029999,41.759997999999996,46.669998,37.749245,15812600
2008-11-24,47.169998,49.869999,46.130001,49.110001000000004,39.722851,9997400
2008-11-25,50.0,50.0,46.59,47.130001,38.121311,12945300
2008-11-26,46.189999,47.77,45.700001,47.73,38.606621000000004,8616300
2008-11-28,47.560001,48.700001,47.560001,48.529999,39.253712,3975800
2008-12-01,47.93,47.93,45.450001,45.619999,36.899944,9254100
2008-12-02,46.43,46.599998,45.049999,46.060001,37.25584,9453300
2008-12-03,45.82,47.509997999999996,45.200001,47.32,38.274998,7981000
2008-12-04,46.740002000000004,48.200001,46.419998,47.16,38.145576,9719300
2008-12-05,46.66,49.400002,45.82,49.009997999999996,39.641956,9426700
2008-12-08,50.110001000000004,50.5,48.529999,48.650002,39.350761,9985700
2008-12-09,48.43,48.779999,47.16,47.970001,38.800758,9758700
2008-12-10,48.450001,48.970001,47.209998999999996,48.009997999999996,38.833096000000005,7186300
2008-12-11,47.18,48.639998999999996,46.650002,47.080002,38.080868,6737100
2008-12-12,45.810001,48.950001,45.52,48.82,39.488274,9972800
2008-12-15,49.490002000000004,50.099998,48.869999,49.630001,40.143448,7989000
2008-12-16,50.650002,51.82,49.080002,51.669998,41.79351,9017700
2008-12-17,50.900002,51.470001,50.220001,50.599998,40.928036,6451100
2008-12-18,50.779999,51.720001,50.529999,50.810001,41.097896999999996,7941800
2008-12-19,52.200001,52.369999,50.299999,51.369999,41.550846,12120200
2008-12-22,50.650002,51.91,49.950001,51.740002000000004,41.850128000000005,7898500
2008-12-23,52.0,52.360001000000004,50.389998999999996,50.619999,40.94421,5871100
2008-12-24,50.790001000000004,51.400002,50.450001,51.150002,41.372921000000005,1410200
2008-12-26,51.220001,51.52,50.610001000000004,51.130001,41.356735,1982000
2008-12-29,50.919998,51.330002,50.380001,51.330002,41.518501,3910800
2008-12-30,51.779999,53.139998999999996,51.43,53.040001000000004,42.901649,4828800
2008-12-31,53.150002,54.080002,53.040001000000004,53.599998,43.354595,4630500
2009-01-02,53.459998999999996,55.240002000000004,53.029999,54.950001,44.446548,4690300
2009-01-05,54.32,54.98,53.799999,54.299999,43.920795,5462300
2009-01-06,54.599998,55.509997999999996,54.099998,54.880001,44.389931,5159800
2009-01-07,53.650002,53.91,52.84,53.52,43.289894,5804300
2009-01-08,53.169998,53.759997999999996,52.77,53.509997999999996,43.281799,5972300
2009-01-09,53.849998,54.0,52.549999,52.700001,42.62664,4424000
2009-01-12,52.669998,53.119999,52.0,52.360001000000004,42.351612,4525700
2009-01-13,52.080002,52.57,50.299999,50.799999,41.089809,6984200
2009-01-14,49.900002,50.5,49.25,50.029999,40.466991,5923400
2009-01-15,50.029999,50.509997999999996,48.18,49.689999,40.191978000000006,6364300
2009-01-16,50.549999,51.5,49.619999,51.099998,41.332462,8183700
2009-01-20,50.900002,51.25,49.150002,49.360001000000004,39.925064,7910400
2009-01-21,49.59,49.889998999999996,47.189999,49.25,39.836090000000006,11964500
2009-01-22,48.66,49.349998,47.740002000000004,48.950001,39.593437,7861800
2009-01-23,47.450001,48.150002,46.939999,47.41,38.347786,6223700
2009-01-26,47.900002,49.43,47.490002000000004,48.669998,39.366946999999996,6420400
2009-01-27,49.259997999999996,49.849998,48.529999,49.240002000000004,39.827991,5056900
2009-01-28,49.439999,51.07,49.439999,50.66,40.97657,5065200
2009-01-29,50.0,50.189999,48.5,48.68,39.375038,6158700
2009-01-30,48.740002000000004,49.849998,47.349998,47.990002000000004,38.816925,6783000
2009-02-02,47.259997999999996,48.169998,46.939999,47.540001000000004,38.45295,6267800
2009-02-03,48.240002000000004,48.639998999999996,47.150002,48.310001,39.075759999999995,5429100
2009-02-04,48.27,48.860001000000004,47.349998,47.529999,38.444843,5592900
2009-02-05,47.23,48.529999,46.52,48.049999,38.865466999999995,6629600
2009-02-06,48.169998,49.57,47.990002000000004,49.029999,39.658134000000004,7173800
2009-02-09,49.09,49.869999,48.599998,49.619999,40.135353,6983200
2009-02-10,49.25,49.779999,46.75,47.060001,38.064693,8098400
2009-02-11,47.259997999999996,48.029999,47.0,47.619999,38.517643,4513200
2009-02-12,46.599998,47.009997999999996,45.41,46.91,37.943356,6384200
2009-02-13,47.139998999999996,47.959998999999996,46.779999,47.09,38.088943,4447100
2009-02-17,45.970001,46.709998999999996,45.18,45.68,36.948483,10873000
2009-02-18,45.75,45.900002,44.52,44.849998,36.585471999999996,6362300
2009-02-19,45.200001,45.93,44.610001000000004,44.720001,36.479431,5531700
2009-02-20,44.029999,44.700001,43.279999,43.990002000000004,35.883945000000004,8530900
2009-02-23,44.139998999999996,44.48,42.220001,42.349998,34.546154,7521300
2009-02-24,42.369999,43.349998,41.759997999999996,43.0,35.076384999999995,9434400
2009-02-25,42.66,42.66,41.060001,41.52,33.869095,10247000
2009-02-26,41.75,42.080002,41.009997999999996,41.099998,33.526489,7871100
2009-02-27,40.610001000000004,41.349998,40.099998,40.830002,33.306248,13032500
2009-03-02,40.23,40.330002,39.080002,39.169998,31.952140999999997,13265200
2009-03-03,39.48,39.529999,38.41,38.549999,31.446381,11499500
2009-03-04,39.169998,39.84,38.880001,39.16,31.943965999999996,9739800
2009-03-05,38.09,38.869999,37.610001000000004,37.919998,30.932467,10797300
2009-03-06,38.240002000000004,38.779999,37.740002000000004,38.540001000000004,31.438221000000002,12189200
2009-03-09,38.029999,38.75,37.400002,37.560001,30.638809000000002,7758900
2009-03-10,38.290001000000004,40.790001000000004,37.93,40.790001000000004,33.273609,12141100
2009-03-11,40.849998,41.689999,40.349998,41.060001,33.493858,10084800
2009-03-12,40.82,41.990002000000004,40.0,41.799999,34.097496,7692200
2009-03-13,41.459998999999996,41.919998,40.299999,40.57,33.094153999999996,9083200
2009-03-16,40.889998999999996,42.220001,40.799999,41.119999,33.542805,8389200
2009-03-17,41.200001,41.73,40.200001,41.709998999999996,34.024082,7257600
2009-03-18,41.490002000000004,42.48,40.470001,41.880001,34.162754,8683600
2009-03-19,42.27,42.27,40.889998999999996,41.049999,33.485703,7088900
2009-03-20,41.610001000000004,41.919998,40.389998999999996,40.529999,33.061516,10383900
2009-03-23,41.360001000000004,43.549999,41.240002000000004,43.48,35.467929999999996,8082700
2009-03-24,42.959998999999996,43.880001,42.830002,43.209998999999996,35.247677,6321700
2009-03-25,43.490002000000004,44.709998999999996,42.720001,43.689999,35.639229,10556000
2009-03-26,43.799999,45.59,43.560001,45.470001,37.091228,9179200
2009-03-27,45.02,45.310001,44.279999,44.48,36.283660999999995,5513900
2009-03-30,43.599998,43.91,42.139998999999996,42.599998,34.750084,6530900
2009-03-31,42.630001,43.860001000000004,42.599998,42.98,35.060062,6441200
2009-04-01,42.450001,44.18,42.060001,43.880001,35.79422,7209700
2009-04-02,44.93,46.75,44.689999,45.939999,37.474613,10199900
2009-04-03,46.259997999999996,46.32,44.950001,45.630001,37.221745,6503500
2009-04-06,45.299999,46.360001000000004,44.630001,46.310001,37.77644,5578400
2009-04-07,45.580002,46.080002,44.900002,45.16,36.838347999999996,5858600
2009-04-08,45.279999,45.380001,43.889998999999996,44.619999,36.397853999999995,6731500
2009-04-09,45.810001,47.5,45.740002000000004,47.290001000000004,38.575848,7804100
2009-04-13,46.84,46.84,45.540001000000004,46.389998999999996,37.841705,5080000
2009-04-14,46.0,46.259997999999996,45.169998,45.549999,37.156487,6048900
2009-04-15,45.400002,47.200001,45.310001,46.759997999999996,38.143505,6056300
2009-04-16,47.16,47.880001,45.970001,47.5,38.74715,5616600
2009-04-17,47.740002000000004,48.259997999999996,47.279999,47.32,38.600327,6684600
2009-04-20,46.630001,46.77,45.5,45.810001,37.368572,5878900
2009-04-21,47.25,48.849998,46.990002000000004,47.990002000000004,39.146865999999996,10770800
2009-04-22,47.630001,48.439999,46.84,46.889998999999996,38.249557,8228700
2009-04-23,46.790001000000004,48.150002,46.259997999999996,48.040001000000004,39.187664,8005600
2009-04-24,48.259997999999996,49.68,47.84,49.369999,40.272572,7701400
2009-04-27,48.869999,49.34,48.16,48.459998999999996,39.530262,4782000
2009-04-28,47.689999,48.560001,47.34,47.970001,39.13055,3581800
2009-04-29,48.470001,49.66,48.150002,48.91,39.897331,5533800
2009-04-30,49.48,50.279999,48.52,48.84,39.840233000000005,6544700
2009-05-01,49.27,49.790001000000004,48.66,49.52,40.394932,4495300
2009-05-04,49.619999,51.400002,49.619999,51.18,41.749039,6941600
2009-05-05,50.900002,51.900002,50.900002,51.830002,42.279259,4930300
2009-05-06,52.34,52.849998,51.509997999999996,52.290001000000004,42.654499,4989200
2009-05-07,52.279999,52.759997999999996,51.200001,51.720001,42.189533000000004,6311100
2009-05-08,52.419998,53.610001000000004,51.029999,53.549999,43.682327,7328700
2009-05-11,52.700001,53.130001,52.110001000000004,52.5,42.825806,5339800
2009-05-12,52.889998999999996,53.07,51.740002000000004,52.84,43.103153000000006,6522300
2009-05-13,51.439999,51.439999,49.869999,50.610001000000004,41.58709,8069300
2009-05-14,50.799999,52.049999,50.75,51.509997999999996,42.326626,6675200
2009-05-15,51.380001,51.939999,50.919998,51.279999,42.137627,7094700
2009-05-18,51.16,53.07,51.16,52.98,43.534557,5998800
2009-05-19,52.84,53.169998,52.209998999999996,52.299999,42.975784000000004,5573200
2009-05-20,52.689999,52.889998999999996,51.59,51.740002000000004,42.515633,6130900
2009-05-21,51.040001000000004,51.18,49.900002,50.759997999999996,41.710335,6178600
2009-05-22,50.779999,51.759997999999996,50.52,51.040001000000004,41.940422,4295000
2009-05-26,51.040001000000004,53.029999,50.639998999999996,52.740002000000004,43.337345,5329400
2009-05-27,52.84,53.200001,51.43,51.439999,42.269112,4974100
2009-05-28,51.860001000000004,52.57,50.950001,52.380001,43.041531,5009700
2009-05-29,52.529999,52.700001,51.73,52.610001000000004,43.230526,4778400
2009-06-01,53.490002000000004,55.580002,53.209998999999996,55.27,45.416278999999996,5974800
2009-06-02,55.209998999999996,55.919998,54.669998,55.580002,45.671021,5478800
2009-06-03,55.119999,55.369999,54.200001,54.689999,44.939671000000004,4971100
2009-06-04,54.860001000000004,55.41,54.669998,55.130001,45.301243,5098700
2009-06-05,55.889998999999996,56.990002000000004,55.860001000000004,56.389998999999996,46.336617,8450100
2009-06-08,56.25,56.970001,55.279999,56.490002000000004,46.418774,5248000
2009-06-09,56.57,56.650002,55.09,55.52,45.621712,5877100
2009-06-10,56.049999,56.220001,54.549999,55.5,45.605282,6008600
2009-06-11,55.709998999999996,56.32,55.32,55.549999,45.646361999999996,5110500
2009-06-12,55.34,55.970001,54.77,55.84,45.884659,3611700
2009-06-15,55.310001,55.400002,53.970001,54.720001,44.964333,5762100
2009-06-16,54.75,55.279999,54.349998,54.580002,44.849308,6048800
2009-06-17,54.459998999999996,55.23,54.349998,54.68,44.931477,5595600
2009-06-18,54.669998,55.299999,54.560001,54.93,45.136902,5410300
2009-06-19,55.220001,55.25,54.029999,54.200001,44.537048,8405500
2009-06-22,53.849998,53.849998,52.32,52.580002,43.205872,5677600
2009-06-23,52.82,52.959998999999996,51.650002,51.84,42.59779,5483700
2009-06-24,52.27,52.52,50.439999,50.810001,41.751431,6481000
2009-06-25,50.630001,52.349998,50.540001000000004,52.029999,42.753918,6110300
2009-06-26,51.740002000000004,52.080002,51.189999,51.549999,42.359489,12306500
2009-06-29,51.799999,52.639998999999996,51.700001,52.470001,43.115479,5107900
2009-06-30,52.400002,52.610001000000004,51.150002,51.959998999999996,42.696396,6995100
2009-07-01,52.150002,52.689999,52.040001000000004,52.279999,42.959362,4671000
2009-07-02,51.700001,51.759997999999996,49.900002,50.240002000000004,41.283054,5516800
2009-07-06,49.869999,50.98,49.330002,50.900002,41.825382,6282400
2009-07-07,50.889998999999996,50.990002000000004,49.380001,49.43,40.617451,6282900
2009-07-08,49.740002000000004,50.049999,49.009997999999996,49.68,40.822895,7001100
2009-07-09,50.189999,50.630001,49.490002000000004,49.650002,40.798241,4338900
2009-07-10,49.209998999999996,49.990002000000004,49.0,49.639998999999996,40.790015999999994,4803400
2009-07-13,49.849998,51.529999,49.610001000000004,51.419998,42.252678,5656800
2009-07-14,51.599998,51.740002000000004,50.869999,51.580002,42.384147999999996,3613800
2009-07-15,52.23,53.93,52.02,53.75,44.167274,6637700
2009-07-16,53.799999,54.259997999999996,53.0,53.970001,44.348057,4160500
2009-07-17,53.830002,53.990002000000004,53.240002000000004,53.799999,44.208363,4435200
2009-07-20,54.040001000000004,55.029999,53.950001,54.970001,45.169762,4400700
2009-07-21,54.450001,54.639998999999996,53.549999,53.970001,44.348057,7383300
2009-07-22,53.810001,54.279999,52.91,53.119999,43.649597,8030800
2009-07-23,53.25,53.740002000000004,52.639998999999996,53.380001,43.863243,11176800
2009-07-24,53.380001,53.529999,51.849998,52.23,42.91827,7665900
2009-07-27,52.16,52.459998999999996,51.720001,52.110001000000004,42.819656,6083300
2009-07-28,51.84,52.619999,51.639998999999996,52.439999,43.09082,5255000
2009-07-29,52.139998999999996,53.34,51.950001,53.200001,43.715324,4832500
2009-07-30,53.700001,54.990002000000004,53.43,54.23,44.561703,7583100
2009-07-31,54.259997999999996,54.830002,54.009997999999996,54.470001,44.758919,5768400
2009-08-03,54.119999,55.380001,54.119999,55.18,45.342331,6219300
2009-08-04,55.0,55.360001000000004,54.52,54.790001000000004,45.02187,6125700
2009-08-05,54.849998,54.939999,53.669998,54.220001,44.553490000000004,4436200
2009-08-06,54.529999,55.259997999999996,53.889998999999996,55.060001,45.24374,6059200
2009-08-07,55.57,56.0,55.110001000000004,55.59,45.679237,5603300
2009-08-10,55.459998999999996,56.43,55.349998,55.889998999999996,45.925751,4929300
2009-08-11,55.950001,56.02,55.439999,55.77,45.827141,5560900
2009-08-12,55.709998999999996,58.790001000000004,55.700001,58.169998,47.799255,8667300
2009-08-13,58.080002,58.119999,56.939999,57.400002,47.16655,5936800
2009-08-14,57.209998999999996,57.68,56.369999,57.209998999999996,47.010418,4385000
2009-08-17,56.759997999999996,57.0,55.759997999999996,56.130001,46.122955,5409500
2009-08-18,56.299999,57.130001,56.23,56.810001,46.681736,3842400
2009-08-19,55.880001,56.619999,55.549999,56.0,46.330116,6597400
2009-08-20,55.959998999999996,57.259997999999996,55.84,57.259997999999996,47.372536,5066700
2009-08-21,57.68,58.84,57.220001,58.709998999999996,48.572159,6823400
2009-08-24,58.93,59.720001,58.77,59.299999,49.060284,5756800
2009-08-25,59.41,60.630001,59.040001000000004,59.709998999999996,49.39949,6798500
2009-08-26,59.700001,59.970001,59.169998,59.77,49.449131,3721400
2009-08-27,59.619999,60.439999,59.529999,60.009997999999996,49.647696999999994,4082900
2009-08-28,60.290001000000004,60.369999,59.389998999999996,59.639998999999996,49.341568,3846600
2009-08-31,59.279999,59.360001000000004,58.830002,59.360001000000004,49.109928000000004,3760000
2009-09-01,59.349998,60.400002,58.599998,59.060001,48.861729,6182400
2009-09-02,58.990002000000004,59.290001000000004,58.669998,58.849998,48.687992,3723900
2009-09-03,58.860001000000004,59.75,58.849998,59.650002,49.349854,4733900
2009-09-04,59.68,60.689999,59.470001,60.52,50.069614,3424100
2009-09-08,60.740002000000004,60.880001,59.830002,60.380001,49.9538,4951500
2009-09-09,60.490002000000004,61.369999,60.490002000000004,61.240002000000004,50.665290999999996,4925000
2009-09-10,61.25,62.0,60.740002000000004,61.950001,51.252686,4573700
2009-09-11,62.040001000000004,62.040001000000004,61.41,61.990002000000004,51.285801,4765600
2009-09-14,61.509997999999996,61.759997999999996,61.139998999999996,61.560001,50.93005,4838300
2009-09-15,61.669998,61.73,61.18,61.290001000000004,50.706661,5412100
2009-09-16,61.700001,62.349998,61.349998,61.950001,51.252686,7264200
2009-09-17,61.919998,63.040001000000004,61.919998,62.52,51.724270000000004,6683800
2009-09-18,62.720001,63.279999,62.5,62.82,51.972458,6837000
2009-09-21,62.470001,63.02,62.299999,62.669998,51.848366,3691000
2009-09-22,63.209998999999996,63.299999,62.799999,63.23,52.311657000000004,4584200
2009-09-23,63.48,63.720001,62.669998,62.740002000000004,51.906284,4698500
2009-09-24,62.93,63.0,62.009997999999996,62.34,51.575352,4699900
2009-09-25,62.189999,62.189999,61.009997999999996,61.540001000000004,50.913486,4667900
2009-09-28,61.900002,62.150002,61.560001,61.639998999999996,50.996223,5365900
2009-09-29,61.66,61.93,61.25,61.310001,50.723213,4048900
2009-09-30,61.169998,61.529999,59.970001,60.93,50.408817,6495100
2009-10-01,60.830002,60.98,59.91,59.990002000000004,49.631142,6125600
2009-10-02,59.380001,59.939999,59.310001,59.630001,49.333302,4662800
2009-10-05,60.0,60.48,59.369999,60.43,49.995155,3562700
2009-10-06,60.880001,61.919998,60.689999,61.490002000000004,50.872128000000004,3726800
2009-10-07,60.860001000000004,61.459998999999996,60.860001000000004,61.07,50.524651,2375400
2009-10-08,61.599998,62.279999,61.290001000000004,61.779999,51.112061,4464300
2009-10-09,61.84,62.220001,61.779999,62.169998,51.4347,2811900
2009-10-12,62.32,62.490002000000004,61.040001000000004,61.470001,50.855583,3613300
2009-10-13,61.470001,62.150002,61.209998999999996,61.970001,51.269245,3683200
2009-10-14,62.740002000000004,63.869999,62.25,63.759997999999996,52.750149,5235700
2009-10-15,63.459998999999996,64.440002,63.459998999999996,64.400002,53.279648,5668700
2009-10-16,64.160004,65.089996,64.120003,64.889999,53.685024,6206800
2009-10-19,65.029999,65.860001,64.790001,65.440002,54.14004499999999,5980000
2009-10-20,64.410004,65.879997,63.799999,65.400002,54.106956000000004,6567400
2009-10-21,65.139999,66.260002,64.760002,65.400002,54.106956000000004,5830100
2009-10-22,65.260002,66.059998,64.900002,65.900002,54.520633999999994,4801900
2009-10-23,66.0,66.360001,65.540001,65.809998,54.44615600000001,5562800
2009-10-26,65.809998,66.260002,64.41999799999999,64.83000200000001,53.635391000000006,5456700
2009-10-27,65.019997,65.43,63.91,64.089996,53.02316999999999,5606600
2009-10-28,63.779999,64.32,62.580002,62.610001000000004,51.798721,5005700
2009-10-29,62.709998999999996,63.740002000000004,62.34,63.580002,52.601234,4991000
2009-10-30,63.419998,63.779999,61.419998,61.450001,50.839034999999996,8178600
2009-11-02,61.709998999999996,62.939999,61.43,62.66,51.840103000000006,4587300
2009-11-03,62.169998,63.349998,62.169998,63.200001,52.286846000000004,4432100
2009-11-04,63.549999,64.639999,63.389998999999996,63.580002,52.601234,4446500
2009-11-05,64.029999,65.5,63.900002,65.449997,54.148323,3654000
2009-11-06,65.360001,65.720001,64.690002,65.07,53.83394200000001,3895200
2009-11-09,65.629997,66.75,65.110001,66.730003,55.207291000000005,3834700
2009-11-10,66.739998,67.199997,66.290001,66.730003,55.207291000000005,3552600
2009-11-11,66.860001,67.449997,66.629997,66.970001,55.405853,3409000
2009-11-12,67.150002,67.57,66.510002,66.699997,55.182465,4666800
2009-11-13,66.860001,68.25,66.660004,67.989998,56.249729,4951200
2009-11-16,68.300003,69.400002,68.010002,69.339996,57.366623,5373000
2009-11-17,69.379997,69.959999,69.08000200000001,69.93,57.854735999999995,4811300
2009-11-18,69.739998,69.760002,68.400002,68.809998,57.243275,5958800
2009-11-19,68.480003,68.480003,67.290001,68.010002,56.577755,4208900
2009-11-20,67.730003,68.110001,67.489998,67.970001,56.544491,3361100
2009-11-23,68.519997,69.129997,68.290001,68.730003,57.176743,3260700
2009-11-24,68.5,68.730003,67.910004,68.269997,56.794064,3886500
2009-11-25,68.470001,68.470001,67.91999799999999,68.309998,56.82731999999999,2723900
2009-11-27,66.93,67.58000200000001,66.349998,67.199997,55.903923,2599000
2009-11-30,67.16999799999999,67.459999,66.519997,67.239998,55.937183,4311300
2009-12-01,68.0,68.690002,67.900002,68.0,56.569454,3856200
2009-12-02,67.730003,68.650002,67.519997,68.150002,56.694237,2658000
2009-12-03,68.050003,68.489998,67.18,67.260002,55.953842,3787600
2009-12-04,67.790001,68.82,67.5,68.32,56.835663000000004,4389400
2009-12-07,68.32,69.199997,68.199997,68.860001,57.284878000000006,3486400
2009-12-08,68.519997,68.519997,67.389999,68.230003,56.760788,4107700
2009-12-09,67.739998,67.900002,66.75,67.410004,56.078621,4835800
2009-12-10,67.779999,69.0,67.58000200000001,67.93,56.5112,4786500
2009-12-11,68.82,69.650002,68.650002,69.400002,57.734123,5805200
2009-12-14,69.900002,69.980003,69.470001,69.910004,58.158379000000004,4999500
2009-12-15,69.779999,70.300003,69.360001,70.25,58.44123100000001,5467900
2009-12-16,70.400002,70.75,70.089996,70.25,58.44123100000001,5235500
2009-12-17,70.059998,70.120003,69.459999,69.58000200000001,57.883858,3718800
2009-12-18,69.900002,70.0,69.120003,69.459999,57.784027,9565800
2009-12-21,69.550003,70.029999,69.279999,69.360001,57.700844,4094500
2009-12-22,69.379997,69.860001,69.209999,69.349998,57.692508999999994,4007000
2009-12-23,69.360001,69.779999,69.129997,69.510002,57.825623,2877100
2009-12-24,69.68,70.5,69.68,70.360001,58.532742000000006,1253900
2009-12-28,70.300003,70.779999,69.989998,70.459999,58.615931999999994,2021900
2009-12-29,70.589996,70.889999,70.300003,70.300003,58.482822,2266000
2009-12-30,70.300003,70.540001,70.0,70.489998,58.640884,2191100
2009-12-31,70.66999799999999,70.760002,69.32,69.410004,57.742419999999996,2643600
2010-01-04,70.209999,71.860001,69.860001,71.629997,59.58923299999999,6104100
2010-01-05,71.639999,71.639999,70.279999,70.559998,58.699112,5004900
2010-01-06,70.559998,70.83000200000001,70.029999,70.190002,58.391304000000005,4726900
2010-01-07,70.010002,70.620003,69.57,70.489998,58.640884,4264400
2010-01-08,70.260002,70.699997,70.25,70.629997,58.757346999999996,4654800
2010-01-11,70.730003,72.260002,70.730003,72.160004,60.03017,5530000
2010-01-12,71.800003,71.949997,71.059998,71.739998,59.680767,4672000
2010-01-13,71.82,72.660004,71.790001,72.559998,60.362938,4877100
2010-01-14,72.239998,72.849998,72.120003,72.809998,60.570904000000006,3551300
2010-01-15,72.83000200000001,72.93,71.68,71.989998,59.888732999999995,5343300
2010-01-19,71.989998,72.940002,71.639999,72.290001,60.138309,3680700
2010-01-20,72.010002,72.239998,70.629997,71.43,59.422878000000004,3673200
2010-01-21,71.449997,71.849998,69.75,70.129997,58.3414,5111300
2010-01-22,69.870003,70.290001,69.0,69.08000200000001,57.467907,5814000
2010-01-25,69.510002,69.510002,68.559998,68.589996,57.060253,4999400
2010-01-26,68.0,68.860001,67.800003,68.470001,56.96044200000001,4996400
2010-01-27,67.260002,67.849998,66.5,67.610001,56.244987,7690700
2010-01-28,67.690002,67.83000200000001,66.550003,67.370003,56.045345,5578700
2010-01-29,67.389999,68.489998,66.639999,67.480003,56.13686,7232100
2010-02-01,67.760002,67.970001,67.199997,67.550003,56.195094999999995,4916700
2010-02-02,67.889999,68.43,67.690002,68.029999,56.594395,6129300
2010-02-03,67.82,68.43,67.699997,68.239998,56.769107999999996,4151000
2010-02-04,67.870003,67.949997,66.339996,66.379997,55.221759999999996,5983200
2010-02-05,66.379997,67.0,65.050003,66.5,55.32157900000001,7825300
2010-02-08,66.279999,66.33000200000001,65.309998,65.400002,54.406502,5260400
2010-02-09,66.199997,67.110001,65.709999,66.519997,55.338223,5277500
2010-02-10,66.519997,66.93,66.110001,66.639999,55.438053000000004,4933100
2010-02-11,66.360001,66.849998,65.860001,66.709999,55.496292000000004,5504100
2010-02-12,65.900002,66.260002,65.010002,65.690002,54.647746999999995,7957400
2010-02-16,66.059998,66.43,65.559998,66.33000200000001,55.180168,6291000
2010-02-17,66.300003,67.529999,65.82,67.349998,56.390007,5988500
2010-02-18,67.529999,68.290001,67.41999799999999,68.110001,57.026352,4124800
2010-02-19,68.239998,68.900002,68.110001,68.519997,57.369617000000005,5296100
2010-02-22,68.839996,68.91999799999999,68.129997,68.400002,57.26915,3311300
2010-02-23,68.379997,68.75,67.720001,67.790001,56.758415,4152300
2010-02-24,68.190002,68.699997,67.790001,68.620003,57.453368999999995,4842400
2010-02-25,67.57,68.699997,67.050003,68.66999799999999,57.495213,5920600
2010-02-26,68.66999799999999,68.980003,68.139999,68.650002,57.478469999999994,3973200
2010-03-01,68.839996,69.800003,68.839996,69.639999,58.307345999999995,3703200
2010-03-02,69.889999,70.0,69.639999,69.75,58.399452000000004,5956300
2010-03-03,69.839996,70.379997,69.43,69.599998,58.273883999999995,4835600
2010-03-04,69.660004,70.790001,69.639999,70.370003,58.918575,5651700
2010-03-05,70.57,71.309998,70.57,71.25,59.655365,4057400
2010-03-08,71.190002,71.41999799999999,70.760002,70.760002,59.24511700000001,4018500
2010-03-09,71.510002,72.25,71.160004,71.779999,60.099113,5560500
2010-03-10,71.970001,72.220001,71.379997,71.790001,60.107479000000005,4901800
2010-03-11,71.949997,72.040001,71.260002,72.040001,60.316798999999996,4983700
2010-03-12,71.790001,72.449997,71.139999,71.529999,59.889805,5805600
2010-03-15,71.510002,72.110001,71.32,71.839996,60.149338,5463100
2010-03-16,71.970001,72.5,71.589996,72.400002,60.61821,5154500
2010-03-17,72.629997,72.800003,72.059998,72.190002,60.442398,4486300
2010-03-18,72.08000200000001,72.550003,72.059998,72.5,60.701942,3174600
2010-03-19,73.239998,73.739998,72.720001,73.239998,61.321532999999995,9199100
2010-03-22,72.660004,73.029999,72.57,72.610001,60.79404399999999,5176900
2010-03-23,72.720001,73.16999799999999,72.58000200000001,73.089996,61.195938,4964100
2010-03-24,72.980003,73.540001,72.760002,73.040001,61.154076,4180900
2010-03-25,73.410004,73.82,73.18,73.269997,61.346653,3936300
2010-03-26,73.459999,74.07,73.459999,73.620003,61.639706000000004,4793700
2010-03-29,73.790001,74.32,73.629997,74.0,61.957863,3034000
2010-03-30,74.220001,74.849998,73.949997,74.129997,62.066708,2876100
2010-03-31,73.93,74.33000200000001,73.41999799999999,73.610001,61.631306,3761600
2010-04-01,73.870003,74.480003,73.540001,74.129997,62.066708,3456300
2010-04-05,74.32,74.949997,74.220001,74.849998,62.669529000000004,4505000
2010-04-06,74.540001,74.970001,74.41999799999999,74.66999799999999,62.518818,3689600
2010-04-07,74.550003,74.639999,73.529999,73.989998,61.949490000000004,5225400
2010-04-08,73.690002,73.910004,73.279999,73.699997,61.706688,3353300
2010-04-09,73.709999,74.0,73.410004,73.989998,61.949490000000004,2818300
2010-04-12,74.360001,74.360001,73.589996,73.760002,61.756907999999996,3794600
2010-04-13,73.58000200000001,73.709999,72.93,73.459999,61.505726,4417300
2010-04-14,73.33000200000001,74.050003,73.129997,74.0,61.957863,3383900
2010-04-15,73.889999,74.720001,73.760002,74.610001,62.468563,3360800
2010-04-16,74.660004,74.779999,73.209999,73.690002,61.698303,7569600
2010-04-19,73.459999,73.809998,73.0,73.760002,61.756907999999996,5122300
2010-04-20,74.129997,74.68,73.269997,74.199997,62.125308999999994,4977900
2010-04-21,73.629997,77.089996,73.629997,76.93,64.411057,10706300
2010-04-22,76.629997,76.75,75.940002,76.43,63.992416000000006,8610400
2010-04-23,76.519997,76.779999,75.779999,76.470001,64.025902,4710900
2010-04-26,76.57,77.08000200000001,76.260002,76.400002,63.967285,3457300
2010-04-27,76.209999,76.349998,74.07,74.32,62.225765,6237100
2010-04-28,74.639999,74.900002,73.559998,74.660004,62.510459999999995,6122600
2010-04-29,75.309998,76.349998,75.160004,76.019997,63.649119999999996,4974300
2010-04-30,76.019997,76.489998,74.900002,74.949997,62.753239,5068500
2010-05-03,75.260002,76.379997,75.139999,76.279999,63.866829,4115600
2010-05-04,75.610001,75.610001,73.449997,74.160004,62.091824,5426600
2010-05-05,73.589996,74.309998,72.83000200000001,73.589996,61.614571,6179300
2010-05-06,73.050003,74.0,65.16999799999999,71.239998,59.646995999999994,9270000
2010-05-07,70.849998,71.459999,68.860001,69.459999,58.15665799999999,10290000
2010-05-10,72.540001,73.349998,72.0,73.040001,61.154076,7692200
2010-05-11,72.339996,74.25,72.33000200000001,73.129997,61.229434999999995,5971400
2010-05-12,73.050003,73.43,72.58000200000001,73.150002,61.604191,5067200
2010-05-13,73.110001,74.110001,72.730003,72.860001,61.35997,5278700
2010-05-14,72.349998,72.610001,70.690002,71.58000200000001,60.281998,6648700
2010-05-17,71.709999,72.0,69.91999799999999,71.029999,59.818806,5980400
2010-05-18,71.559998,71.940002,70.480003,70.68,59.52404,6039600
2010-05-19,70.160004,70.75,68.660004,69.349998,58.403980000000004,8501300
2010-05-20,67.800003,68.559998,66.360001,66.43,55.944858999999994,10894800
2010-05-21,64.58000200000001,67.110001,64.58000200000001,66.440002,55.953285,10626800
2010-05-24,66.660004,66.790001,65.809998,66.129997,55.692211,5345100
2010-05-25,64.339996,66.309998,63.790001000000004,66.160004,55.717484,7858400
2010-05-26,66.82,67.75,66.0,66.150002,55.709056999999994,6560500
2010-05-27,67.339996,68.110001,66.989998,68.110001,57.359699,5075400
2010-05-28,68.25,68.410004,67.040001,67.379997,56.744918999999996,4809400
2010-06-01,66.589996,67.470001,65.93,66.050003,55.624843999999996,5126900
2010-06-02,66.470001,67.529999,65.959999,67.459999,56.812282999999994,4300400
2010-06-03,67.760002,68.25,67.279999,67.849998,57.140728,3912200
2010-06-04,66.620003,66.809998,64.879997,65.139999,54.858470999999994,6460300
2010-06-07,65.260002,65.449997,63.150002,63.220001,53.241516000000004,8310700
2010-06-08,63.25,64.269997,62.880001,64.209999,54.075264000000004,7425500
2010-06-09,64.449997,64.809998,63.27,63.419998,53.409954000000006,7998400
2010-06-10,64.529999,65.620003,63.860001000000004,65.489998,55.15323299999999,5873400
2010-06-11,64.93,66.290001,64.550003,66.230003,55.776424,4583600
2010-06-14,66.489998,67.83000200000001,66.440002,66.900002,56.34066800000001,6658900
2010-06-15,67.019997,68.660004,66.959999,68.599998,57.772358,4945000
2010-06-16,68.18,68.709999,68.050003,68.589996,57.76393100000001,4057700
2010-06-17,68.650002,68.699997,67.709999,68.559998,57.738673999999996,4349000
2010-06-18,68.650002,69.25,68.510002,69.18,58.26080699999999,6187800
2010-06-21,70.339996,70.620003,69.040001,69.370003,58.420806999999996,4519400
2010-06-22,69.300003,69.66999799999999,67.849998,67.989998,57.258635999999996,4198100
2010-06-23,68.18,68.690002,67.459999,67.989998,57.258635999999996,5070900
2010-06-24,67.889999,68.510002,67.160004,67.349998,56.719654000000006,5505800
2010-06-25,67.43,67.889999,66.809998,67.860001,57.14915799999999,7919500
2010-06-28,67.910004,67.959999,66.82,67.110001,56.517531999999996,3315800
2010-06-29,66.089996,66.769997,64.32,64.970001,54.715309,7028400
2010-06-30,64.989998,65.849998,64.43,64.910004,54.66478000000001,6561300
2010-07-01,64.849998,64.910004,63.619999,64.389999,54.226845,5676900
2010-07-02,64.449997,64.93,63.84,64.290001,54.142628,3988800
2010-07-06,64.809998,65.220001,63.91,64.589996,54.39526,5780000
2010-07-07,64.599998,66.589996,64.559998,66.550003,56.045929,5255700
2010-07-08,67.07,67.239998,66.290001,67.230003,56.618598999999996,3637900
2010-07-09,67.279999,67.699997,66.879997,67.510002,56.854385,2919600
2010-07-12,67.18,67.589996,66.269997,66.68,56.155398999999996,3787200
2010-07-13,67.18,68.32,67.18,67.760002,57.064938,5035900
2010-07-14,67.629997,68.339996,67.379997,68.010002,57.275467000000006,3441300
2010-07-15,67.959999,68.360001,67.16999799999999,68.150002,57.393391,4340200
2010-07-16,67.949997,68.019997,65.879997,66.029999,55.607994,4498700
2010-07-19,66.41999799999999,66.900002,66.120003,66.389999,55.911170999999996,4731700
2010-07-20,65.75,67.739998,65.75,67.540001,56.879661999999996,5256400
2010-07-21,67.66999799999999,68.730003,66.529999,67.029999,56.450161,6598700
2010-07-22,68.010002,69.910004,68.010002,69.529999,58.55556899999999,5200500
2010-07-23,69.480003,71.139999,69.160004,70.900002,59.70932,4661000
2010-07-26,70.620003,71.790001,70.349998,71.589996,60.290436,4535400
2010-07-27,71.959999,71.970001,70.75,71.089996,59.869328,4617500
2010-07-28,71.07,71.470001,70.779999,71.110001,59.88618100000001,3662100
2010-07-29,71.480003,72.0,70.489998,71.150002,59.91986800000001,5161500
2010-07-30,70.559998,71.5,69.790001,71.099998,59.877766,4725700
2010-08-02,72.040001,72.849998,71.769997,72.610001,61.149432999999995,3796900
2010-08-03,72.25,72.779999,71.980003,72.029999,60.66095,3557800
2010-08-04,72.209999,72.940002,72.059998,72.66999799999999,61.199963000000004,2807800
2010-08-05,72.379997,73.349998,72.110001,73.199997,61.646301,3066100
2010-08-06,72.400002,73.209999,71.68,72.730003,61.25048100000001,3213600
2010-08-09,73.339996,73.599998,72.889999,73.349998,61.772636,2666400
2010-08-10,72.82,73.809998,71.93,73.389999,61.806309,4093900
2010-08-11,72.160004,72.33000200000001,70.769997,71.269997,60.020931000000004,4838900
2010-08-12,70.349998,70.940002,70.290001,70.58000200000001,59.439831000000005,2862000
2010-08-13,70.269997,70.980003,70.129997,70.699997,59.540886,2472800
2010-08-16,70.199997,70.779999,69.5,70.349998,59.246140000000004,2594900
2010-08-17,70.849998,71.33000200000001,69.910004,70.510002,59.380886,6485300
2010-08-18,70.339996,70.599998,69.290001,69.93,59.249565000000004,4944600
2010-08-19,69.620003,70.139999,68.019997,68.510002,58.046429,6073300
2010-08-20,67.550003,68.699997,67.410004,68.120003,57.715996,3822400
2010-08-23,68.540001,68.970001,67.209999,67.220001,56.95345699999999,3955000
2010-08-24,66.33000200000001,66.57,65.389999,65.660004,55.631725,5286500
2010-08-25,65.139999,65.75,64.57,65.260002,55.292809,6606900
2010-08-26,65.510002,65.83000200000001,64.949997,65.050003,55.114883,5594600
2010-08-27,65.989998,66.68,64.989998,66.57,56.402729,5074600
2010-08-30,66.470001,66.470001,65.389999,65.389999,55.402954,3371100
2010-08-31,65.120003,65.730003,64.66999799999999,65.209999,55.250446,5199400
2010-09-01,66.029999,67.58000200000001,65.68,67.370003,57.080546999999996,5231000
2010-09-02,67.110001,67.440002,66.910004,67.440002,57.13985400000001,3837300
2010-09-03,68.029999,68.559998,67.480003,68.260002,57.834621,4316000
2010-09-07,68.010002,68.410004,67.66999799999999,67.980003,57.597381999999996,3759300
2010-09-08,68.059998,68.940002,68.029999,68.470001,58.012539000000004,3072900
2010-09-09,69.349998,69.449997,68.25,68.620003,58.139648,2686800
2010-09-10,68.900002,69.150002,68.480003,68.889999,58.368389,3026400
2010-09-13,69.33000200000001,69.800003,68.279999,68.790001,58.283676,4476800
2010-09-14,68.720001,69.309998,68.360001,68.720001,58.224365,3467100
2010-09-15,68.699997,68.699997,68.050003,68.269997,57.843098,3692700
2010-09-16,68.160004,68.68,68.0,68.529999,58.06338100000001,2803300
2010-09-17,68.940002,69.629997,68.559998,69.529999,58.910652,5201300
2010-09-20,69.699997,70.620003,69.25,70.370003,59.622341000000006,2958000
2010-09-21,70.529999,71.220001,70.279999,70.599998,59.817223,4469600
2010-09-22,70.43,71.209999,70.43,70.58000200000001,59.800278000000006,3057400
2010-09-23,69.959999,70.57,69.620003,69.800003,59.139407999999996,3413000
2010-09-24,70.440002,71.68,70.440002,71.5,60.57975,2991100
2010-09-27,71.339996,71.459999,70.849998,70.910004,60.079903,3726700
2010-09-28,71.150002,71.800003,70.040001,71.599998,60.664505000000005,3494300
2010-09-29,71.300003,71.779999,71.16999799999999,71.489998,60.571284999999996,2931300
2010-09-30,71.82,72.940002,71.0,71.230003,60.351020999999996,5015300
2010-10-01,71.68,72.029999,70.980003,71.129997,60.266281000000006,4997200
2010-10-04,71.940002,72.029999,70.230003,70.529999,59.757934999999996,4427400
2010-10-05,71.309998,72.82,71.239998,72.510002,61.435524,5541200
2010-10-06,72.379997,72.949997,72.379997,72.870003,61.740531999999995,3951800
2010-10-07,72.82,73.050003,72.410004,72.779999,61.66426800000001,3015900
2010-10-08,72.989998,73.199997,72.300003,72.910004,61.774414,3505200
2010-10-11,73.110001,73.110001,72.610001,72.93,61.791367,2454600
2010-10-12,72.599998,73.269997,71.800003,72.980003,61.833743999999996,3937600
2010-10-13,73.510002,74.599998,73.360001,74.18,62.850452000000004,4990900
2010-10-14,74.190002,74.199997,73.400002,74.150002,62.82504300000001,4852100
2010-10-15,74.339996,74.870003,73.400002,74.099998,62.78266899999999,4671800
2010-10-18,74.269997,74.900002,73.980003,74.559998,63.172408999999995,3832000
2010-10-19,73.800003,74.18,72.849998,73.610001,62.3675,5807800
2010-10-20,72.010002,74.279999,71.91999799999999,73.91999799999999,62.630177,8761800
2010-10-21,74.32,75.58000200000001,74.25,74.970001,63.519806,8837600
2010-10-22,75.25,75.25,74.489998,74.940002,63.49436600000001,3165100
2010-10-25,75.459999,75.57,74.800003,75.010002,63.553692000000005,4068900
2010-10-26,74.470001,74.82,74.029999,74.66999799999999,63.265606000000005,3524100
2010-10-27,74.220001,74.540001,73.300003,74.459999,63.0877,3318400
2010-10-28,75.010002,75.379997,73.980003,74.699997,63.291027,3141000
2010-10-29,74.32,74.879997,74.099998,74.769997,63.350349,2650000
2010-11-01,75.269997,75.769997,74.110001,74.639999,63.24019200000001,3401600
2010-11-02,75.209999,75.620003,75.08000200000001,75.25,63.75703000000001,2806300
2010-11-03,75.239998,75.529999,74.309998,75.050003,63.587589,3586800
2010-11-04,76.010002,76.900002,75.459999,76.239998,64.595833,5502600
2010-11-05,76.489998,76.889999,76.139999,76.75,65.02793100000001,4705400
2010-11-08,76.519997,76.910004,76.33000200000001,76.629997,64.926262,3149300
2010-11-09,76.690002,76.779999,76.339996,76.690002,64.977097,3810200
2010-11-10,76.529999,76.620003,75.800003,76.150002,64.519562,4023200
2010-11-11,75.870003,75.949997,75.040001,75.389999,63.875641,3506400
2010-11-12,74.940002,75.220001,74.41999799999999,74.879997,63.443557999999996,4771100
2010-11-15,75.019997,75.730003,74.870003,75.309998,63.807860999999995,4718100
2010-11-16,74.800003,74.940002,73.769997,74.160004,62.8335,5989800
2010-11-17,73.730003,74.07,73.43,73.639999,62.752552,3897300
2010-11-18,74.349998,75.5,74.230003,75.029999,63.937056999999996,3652600
2010-11-19,75.089996,75.410004,74.639999,75.309998,64.17564399999999,4022000
2010-11-22,74.900002,75.489998,74.260002,75.110001,64.00522600000001,3442700
2010-11-23,74.370003,74.480003,73.699997,74.18,63.2127,4109700
2010-11-24,74.760002,76.209999,74.559998,76.089996,64.84033199999999,3917400
2010-11-26,75.610001,75.68,75.199997,75.279999,64.15007800000001,1963900
2010-11-29,74.720001,75.08000200000001,73.879997,74.800003,63.741043000000005,4358800
2010-11-30,74.110001,75.690002,74.040001,75.269997,64.141563,5543800
2010-12-01,76.540001,78.489998,76.540001,78.260002,66.68950699999999,7949400
2010-12-02,78.389999,79.360001,78.099998,78.699997,67.064453,4843700
2010-12-03,78.41999799999999,78.809998,78.290001,78.739998,67.098526,3225500
2010-12-06,78.58000200000001,78.800003,78.230003,78.410004,66.817337,2699100
2010-12-07,79.410004,79.410004,78.370003,78.540001,66.928101,4477600
2010-12-08,78.660004,79.019997,77.349998,77.690002,66.203789,5382300
2010-12-09,78.139999,78.209999,77.41999799999999,77.629997,66.152611,3863200
2010-12-10,78.489998,78.83000200000001,78.07,78.400002,66.808784,3822900
2010-12-13,78.839996,78.839996,78.110001,78.150002,66.59577900000001,3752500
2010-12-14,77.82,79.010002,77.82,78.849998,67.192276,3549200
2010-12-15,78.709999,79.410004,78.58000200000001,78.949997,67.27748100000001,3970500
2010-12-16,78.83000200000001,79.25,78.589996,79.019997,67.337128,3049600
2010-12-17,78.83000200000001,79.08000200000001,78.379997,78.800003,67.149658,5386500
2010-12-20,79.379997,79.5,78.790001,78.900002,67.234879,2802500
2010-12-21,79.029999,79.470001,78.559998,79.349998,67.61835500000001,2834700
2010-12-22,79.379997,79.699997,79.07,79.519997,67.763199,2123600
2010-12-23,79.489998,79.599998,79.199997,79.5,67.74616999999999,1862200
2010-12-27,79.370003,79.400002,78.980003,79.269997,67.550163,1388800
2010-12-28,79.57,79.57,79.040001,79.290001,67.567223,2066300
2010-12-29,79.459999,79.66999799999999,79.089996,79.099998,67.40531899999999,1559100
2010-12-30,78.91999799999999,79.120003,78.610001,78.849998,67.192276,1504400
2010-12-31,78.800003,78.82,78.25,78.720001,67.081497,1782200
2011-01-03,79.190002,79.41999799999999,78.959999,78.989998,67.31156899999999,3059800
2011-01-04,78.589996,79.480003,78.400002,79.120003,67.422363,3659000
2011-01-05,78.589996,79.559998,78.589996,79.230003,67.51609,2820600
2011-01-06,79.410004,79.75,79.040001,79.150002,67.447929,3486400
2011-01-07,79.139999,79.690002,78.629997,79.08000200000001,67.388275,2771900
2011-01-10,78.269997,78.690002,77.809998,78.459999,66.85992399999999,3301600
2011-01-11,78.599998,79.18,78.470001,78.91999799999999,67.251915,3474600
2011-01-12,79.57,79.900002,79.239998,79.43,67.686531,3242200
2011-01-13,79.489998,79.760002,79.150002,79.5,67.74616999999999,2694500
2011-01-14,79.199997,79.309998,78.690002,79.08000200000001,67.388275,4624000
2011-01-18,79.279999,79.75,79.190002,79.57,67.805817,3794700
2011-01-19,79.66999799999999,80.0,79.16999799999999,79.910004,68.095558,4108900
2011-01-20,79.620003,79.910004,78.980003,79.550003,67.78878,3941000
2011-01-21,79.900002,80.5,79.760002,80.199997,68.342667,4613200
2011-01-24,80.260002,81.540001,80.260002,81.519997,69.467522,4741200
2011-01-25,81.459999,81.730003,80.879997,81.730003,69.646461,4495700
2011-01-26,81.68,81.949997,80.760002,81.410004,69.373772,5314200
2011-01-27,81.940002,82.989998,81.800003,82.589996,70.379311,4450000
2011-01-28,82.870003,83.08000200000001,80.709999,81.43,69.390816,4563600
2011-01-31,81.800003,81.989998,80.660004,81.300003,69.280045,4292700
2011-02-01,81.629997,82.059998,81.43,81.83000200000001,69.731689,3524700
2011-02-02,81.839996,82.540001,81.68,82.160004,70.012886,2748700
2011-02-03,82.160004,82.309998,81.58000200000001,82.220001,70.064026,2277200
2011-02-04,82.33000200000001,82.599998,82.010002,82.519997,70.31965600000001,2834400
2011-02-07,82.849998,83.82,82.730003,83.660004,71.291122,3573500
2011-02-08,83.110001,83.940002,83.099998,83.879997,71.4786,2576500
2011-02-09,83.720001,84.0,83.220001,83.980003,71.563812,3089400
2011-02-10,84.370003,85.150002,84.339996,84.75,72.219971,4426500
2011-02-11,84.639999,85.459999,84.459999,85.199997,72.603432,2974500
2011-02-14,85.07,85.440002,84.900002,85.209999,72.611961,2783800
2011-02-15,85.110001,85.110001,84.489998,84.93,72.37335999999999,2818100
2011-02-16,84.860001,85.129997,84.410004,85.059998,72.848671,2995800
2011-02-17,84.66999799999999,85.0,84.25,84.540001,72.403336,3317700
2011-02-18,84.739998,85.029999,84.58000200000001,85.010002,72.80585500000001,3808800
2011-02-22,84.540001,84.690002,83.18,83.559998,71.56403399999999,4174100
2011-02-23,83.760002,84.25,82.25,82.790001,70.904587,5237100
2011-02-24,82.620003,83.379997,81.809998,82.720001,70.844635,3531800
2011-02-25,83.33000200000001,83.550003,82.900002,83.370003,71.401291,2607200
2011-02-28,83.58000200000001,84.199997,83.309998,83.540001,71.54689,3208300
2011-03-01,83.730003,84.029999,81.91999799999999,82.08000200000001,70.296501,4013100
2011-03-02,82.279999,82.540001,81.41999799999999,82.050003,70.270798,3866000
2011-03-03,82.440002,84.25,82.349998,83.849998,71.81237,3983700
2011-03-04,83.68,83.809998,82.199997,82.860001,70.96453100000001,3985900
2011-03-07,83.029999,83.709999,81.900002,82.279999,70.467789,3852100
2011-03-08,82.58000200000001,84.050003,82.150002,83.260002,71.307106,3456600
2011-03-09,83.129997,83.199997,82.029999,82.889999,70.990211,3805400
2011-03-10,82.16999799999999,82.260002,80.57,80.91999799999999,69.30304,6601000
2011-03-11,80.639999,81.620003,80.260002,81.279999,69.611351,4183800
2011-03-14,80.739998,81.230003,80.309998,80.739998,69.148865,3727400
2011-03-15,78.480003,80.010002,77.050003,79.510002,68.095467,5728200
2011-03-16,79.32,79.599998,78.190002,78.33000200000001,67.084839,6153700
2011-03-17,79.379997,79.900002,79.0,79.489998,68.078323,4543600
2011-03-18,80.5,80.910004,79.82,80.160004,68.65212199999999,6056600
2011-03-21,81.300003,82.019997,80.91999799999999,81.459999,69.76550300000001,3260700
2011-03-22,81.519997,81.529999,80.57,80.879997,69.268745,4513700
2011-03-23,80.860001,82.260002,80.809998,81.860001,70.10807,3930200
2011-03-24,81.989998,82.900002,81.769997,82.760002,70.878876,3257700
2011-03-25,83.010002,83.589996,82.790001,83.519997,71.52977,4017500
2011-03-28,83.75,84.099998,83.349998,83.470001,71.486938,3554800
2011-03-29,83.57,84.25,83.260002,84.120003,72.043648,3435300
2011-03-30,84.41999799999999,84.57,83.970001,84.230003,72.137833,2441500
2011-03-31,83.980003,85.110001,83.959999,84.650002,72.497551,3566900
2011-04-01,85.089996,85.949997,84.900002,85.32,73.07133499999999,3300200
2011-04-04,85.66999799999999,85.709999,84.91999799999999,85.230003,72.994286,2075900
2011-04-05,85.0,85.599998,84.58000200000001,85.400002,73.13988499999999,2409800
2011-04-06,85.809998,85.989998,85.190002,85.660004,73.36255600000001,2011900
2011-04-07,85.449997,86.0,84.660004,85.360001,73.105614,2584500
2011-04-08,85.629997,85.970001,84.18,84.809998,72.63458299999999,2584800
2011-04-11,85.0,85.559998,84.790001,84.980003,72.780182,2418700
2011-04-12,84.510002,84.769997,83.5,83.980003,71.92372900000001,3266300
2011-04-13,84.480003,84.769997,83.349998,84.209999,72.120705,3747200
2011-04-14,83.730003,84.019997,82.699997,83.980003,71.92372900000001,3046600
2011-04-15,84.08000200000001,84.199997,83.160004,83.449997,71.469818,4462500
2011-04-18,82.620003,82.629997,81.190002,81.699997,69.971039,5489800
2011-04-19,81.720001,82.470001,81.720001,82.360001,70.536301,3409800
2011-04-20,84.82,86.849998,84.0,85.900002,73.5681,7949100
2011-04-21,86.139999,87.269997,85.660004,87.099998,74.595833,5850300
2011-04-25,87.0,87.089996,86.290001,86.540001,74.116203,3502800
2011-04-26,86.779999,88.459999,86.629997,87.860001,75.246719,6000000
2011-04-27,87.970001,88.120003,87.339996,87.860001,75.246719,3477400
2011-04-28,87.910004,89.440002,87.650002,89.010002,76.231613,4132600
2011-04-29,89.160004,89.800003,88.989998,89.58000200000001,76.719788,3642600
2011-05-02,90.029999,90.66999799999999,89.489998,90.0,77.079491,3782000
2011-05-03,89.709999,90.480003,89.480003,89.849998,76.951012,3577700
2011-05-04,89.949997,90.339996,88.690002,89.379997,76.54849200000001,4469500
2011-05-05,89.089996,89.540001,87.900002,88.529999,75.820526,4939200
2011-05-06,89.639999,90.559998,88.949997,89.209999,76.402908,5015700
2011-05-09,88.879997,90.18,88.879997,89.519997,76.66841099999999,2584400
2011-05-10,89.809998,90.120003,89.68,89.809998,76.916771,3431300
2011-05-11,89.889999,90.18,89.309998,89.519997,76.66841099999999,4178300
2011-05-12,89.139999,89.699997,88.75,89.57,76.71122700000001,3800000
2011-05-13,89.910004,90.019997,88.349998,88.980003,76.205933,3410200
2011-05-16,88.459999,89.25,88.089996,88.879997,76.120277,3363400
2011-05-17,88.610001,88.900002,87.099998,87.82,75.212456,5112200
2011-05-18,87.050003,87.470001,86.650002,87.150002,75.048843,5737000
2011-05-19,87.639999,88.660004,87.559998,88.099998,75.866928,3770900
2011-05-20,88.099998,88.120003,87.0,87.5,75.350235,3933000
2011-05-23,86.410004,86.519997,85.779999,86.089996,74.135994,4119800
2011-05-24,86.099998,86.309998,85.550003,85.620003,73.73129300000001,3406100
2011-05-25,85.370003,86.720001,85.209999,86.260002,74.28244000000001,4042700
2011-05-26,86.059998,86.589996,85.41999799999999,86.389999,74.394356,3523200
2011-05-27,86.57,86.75,86.07,86.33000200000001,74.34269,2907400
2011-05-31,87.0,87.790001,86.58000200000001,87.769997,75.582748,4745400
2011-06-01,87.269997,87.529999,84.25,84.300003,72.594566,6964800
2011-06-02,84.32,84.550003,83.699997,84.290001,72.58596,4391200
2011-06-03,83.110001,83.620003,82.43,83.239998,71.68175500000001,5073600
2011-06-06,82.93,84.050003,82.760002,83.709999,72.08649399999999,5468100
2011-06-07,83.949997,84.150002,83.239998,83.25,71.69036899999999,3334200
2011-06-08,83.629997,83.629997,82.690002,83.040001,71.509537,3134500
2011-06-09,83.33000200000001,84.519997,82.970001,84.089996,72.41372700000001,3887200
2011-06-10,83.610001,83.860001,82.599998,82.699997,71.21674300000001,4282200
2011-06-13,82.91999799999999,83.230003,82.519997,82.769997,71.277016,3385500
2011-06-14,83.360001,84.41999799999999,83.339996,84.019997,72.353447,4021500
2011-06-15,83.199997,83.949997,82.83000200000001,83.269997,71.707596,3542700
2011-06-16,83.339996,84.639999,83.089996,84.349998,72.637619,4921900
2011-06-17,84.989998,85.260002,84.489998,84.57,72.827087,6200400
2011-06-20,84.360001,85.879997,84.190002,85.540001,73.662415,3581100
2011-06-21,85.790001,86.099998,85.139999,85.559998,73.679611,4387500
2011-06-22,85.269997,86.209999,85.16999799999999,85.440002,73.576286,3393200
2011-06-23,84.32,85.190002,83.690002,85.120003,73.300697,5001300
2011-06-24,85.099998,85.269997,83.839996,84.33000200000001,72.620399,4409500
2011-06-27,84.010002,85.779999,83.739998,85.33000200000001,73.48156,3187500
2011-06-28,85.870003,86.589996,85.470001,86.550003,74.532166,4324200
2011-06-29,87.25,87.25,85.989998,86.470001,74.463264,4216700
2011-06-30,86.709999,89.650002,86.629997,88.510002,76.220001,4599500
2011-07-01,88.720001,90.529999,88.360001,90.129997,77.615044,4483700
2011-07-05,89.860001,90.57,89.220001,89.510002,77.08113900000001,4046900
2011-07-06,89.629997,90.610001,89.349998,90.41999799999999,77.864784,4331500
2011-07-07,91.010002,91.83000200000001,90.760002,91.389999,78.700096,6313700
2011-07-08,90.5,90.970001,89.949997,90.349998,77.804512,4522000
2011-07-11,89.349998,89.91999799999999,88.82,89.129997,76.753906,4907700
2011-07-12,89.440002,89.459999,88.33000200000001,88.459999,76.17693299999999,5023800
2011-07-13,88.699997,89.339996,87.989998,88.16999799999999,75.927208,3733500
2011-07-14,87.910004,89.160004,87.610001,87.82,75.625793,3146700
2011-07-15,88.120003,88.599998,87.620003,88.32,76.05639599999999,4151100
2011-07-18,88.010002,88.129997,86.809998,87.620003,75.45360600000001,3687700
2011-07-19,87.980003,89.559998,87.940002,88.82,76.486954,5006600
2011-07-20,87.650002,87.650002,85.66999799999999,87.220001,75.109116,6249100
2011-07-21,88.480003,89.0,87.809998,88.209999,75.96165500000001,4948700
2011-07-22,88.809998,88.910004,87.66999799999999,87.699997,75.522476,3645200
2011-07-25,86.650002,87.870003,86.300003,87.32,75.19522099999999,3319000
2011-07-26,87.029999,87.239998,85.599998,86.18,74.21352399999999,4617800
2011-07-27,85.510002,85.599998,83.510002,83.739998,72.112328,6100200
2011-07-28,84.099998,84.370003,82.82,82.91999799999999,71.40619699999999,4663500
2011-07-29,82.190002,83.730003,81.5,82.839996,71.337303,4868900
2011-08-01,83.309998,83.82,81.239998,82.339996,70.906738,4448700
2011-08-02,81.66999799999999,82.139999,78.93,78.93,67.97023,6724500
2011-08-03,78.940002,79.5,77.650002,79.309998,68.297462,7421400
2011-08-04,78.120003,78.43,74.230003,74.370003,64.04341099999999,9822100
2011-08-05,75.290001,76.050003,72.660004,74.139999,63.84532900000001,10411000
2011-08-08,71.93,73.339996,69.709999,69.739998,60.056293000000004,12141300
2011-08-09,67.959999,71.66999799999999,67.120003,71.57,61.632191000000006,11738600
2011-08-10,69.809998,70.220001,67.209999,67.440002,58.07565699999999,10406500
2011-08-11,67.550003,70.650002,67.209999,69.739998,60.056293000000004,8844800
2011-08-12,69.889999,72.559998,69.82,72.449997,62.389998999999996,9452000
2011-08-15,73.209999,73.699997,72.199997,73.540001,63.328635999999996,7183200
2011-08-16,72.66999799999999,73.879997,71.989998,72.550003,62.476128,6011300
2011-08-17,72.75,72.940002,71.489998,72.050003,62.458771,4725800
2011-08-18,69.860001,70.019997,67.440002,68.120003,59.051933,9625500
2011-08-19,67.16999799999999,69.050003,67.160004,67.449997,58.471111,8686300
2011-08-22,69.019997,69.160004,67.16999799999999,67.68,58.67049,5951200
2011-08-23,68.220001,69.93,67.82,69.93,60.620991000000004,6589000
2011-08-24,69.68,71.589996,69.5,71.410004,61.903992,5115600
2011-08-25,71.540001,72.629997,70.410004,70.75,61.331818000000005,7483900
2011-08-26,70.260002,72.040001,68.870003,71.559998,62.034016,5284700
2011-08-29,72.68,74.019997,72.639999,73.870003,64.036514,4063900
2011-08-30,73.790001,74.33000200000001,73.32,73.760002,63.941146999999994,5516500
2011-08-31,74.489998,75.370003,73.809998,74.25,64.36590600000001,5094000
2011-09-01,74.32,75.279999,72.970001,73.050003,63.32566800000001,5046700
2011-09-02,71.639999,71.879997,70.660004,71.040001,61.58321,4838700
2011-09-06,68.57,70.660004,68.489998,70.5,61.115116,4743300
2011-09-07,72.08000200000001,72.970001,71.480003,72.959999,63.247643000000004,4614000
2011-09-08,72.43,73.440002,72.290001,72.629997,62.961555000000004,5346500
2011-09-09,71.58000200000001,71.93,70.120003,70.529999,61.141113,5301200
2011-09-12,69.739998,71.220001,69.239998,71.129997,61.661243000000006,5015700
2011-09-13,71.589996,72.730003,70.690002,72.449997,62.805533999999994,4234300
2011-09-14,72.809998,74.75,71.290001,73.68,63.871788,4894800
2011-09-15,74.440002,75.709999,74.309998,75.610001,65.544876,5391800
2011-09-16,76.139999,76.239998,74.720001,75.5,65.449516,8953700
2011-09-19,74.220001,75.879997,73.860001,75.550003,65.492867,5316200
2011-09-20,76.209999,76.949997,74.959999,76.010002,65.89164,5783300
2011-09-21,75.949997,77.58000200000001,74.809998,74.870003,64.903366,6967900
2011-09-22,70.050003,70.489998,67.32,68.309998,59.216637,13122600
2011-09-23,69.0,69.739998,68.349998,68.91999799999999,59.745430000000006,8762300
2011-09-26,69.870003,71.709999,69.129997,71.550003,62.025337,7967900
2011-09-27,73.489998,74.860001,72.360001,73.150002,63.41235,6842100
2011-09-28,73.379997,74.269997,71.650002,71.849998,62.2854,6377400
2011-09-29,73.110001,73.300003,70.91999799999999,72.41999799999999,62.779518,4717800
2011-09-30,70.709999,71.989998,70.040001,70.360001,60.993748,6898800
2011-10-03,69.879997,70.91999799999999,69.059998,69.360001,60.126862,6068800
2011-10-04,68.43,69.68,66.870003,69.540001,60.282917000000005,8600000
2011-10-05,69.550003,69.940002,68.800003,69.610001,60.343593999999996,9774800
2011-10-06,69.760002,71.029999,69.16999799999999,70.980003,61.531204,5793700
2011-10-07,71.589996,72.379997,70.889999,71.459999,61.947323,5210300
2011-10-10,72.699997,73.75,72.449997,73.75,63.932460999999996,3411900
2011-10-11,73.620003,74.010002,72.949997,73.739998,63.923809,3633600
2011-10-12,74.290001,75.0,73.83000200000001,74.239998,64.357254,5096200
2011-10-13,74.83000200000001,74.91999799999999,72.389999,73.540001,63.750423,4754600
2011-10-14,74.449997,74.849998,73.989998,74.639999,64.70399499999999,3160800
2011-10-17,74.480003,74.57,71.949997,72.120003,62.519451000000004,4009900
2011-10-18,72.459999,74.91999799999999,71.699997,74.120003,64.253235,5005100
2011-10-19,73.5,74.779999,72.5,73.260002,63.507693999999994,6425700
2011-10-20,73.58000200000001,74.650002,72.57,74.25,64.36590600000001,5022400
2011-10-21,75.0,75.839996,74.529999,75.559998,65.501549,6050900
2011-10-24,76.050003,76.910004,75.790001,76.650002,66.446426,4199000
2011-10-25,75.160004,76.349998,74.959999,75.279999,65.258781,4191900
2011-10-26,76.389999,76.849998,75.029999,76.059998,65.934975,4966900
2011-10-27,77.870003,79.970001,77.809998,79.300003,68.743675,6134200
2011-10-28,79.010002,79.91999799999999,78.959999,79.510002,68.925713,4123500
2011-10-31,79.160004,79.16999799999999,77.940002,77.980003,67.599388,3710800
2011-11-01,76.129997,76.260002,74.360001,75.190002,65.180801,5858300
2011-11-02,76.540001,77.389999,76.16999799999999,76.910004,66.671814,4736700
2011-11-03,77.809998,78.650002,77.150002,78.440002,67.99814599999999,4407600
2011-11-04,78.160004,78.160004,76.519997,77.800003,67.443359,4131800
2011-11-07,78.08000200000001,78.349998,76.870003,78.339996,67.911438,3446300
2011-11-08,78.629997,79.0,77.910004,78.870003,68.37091099999999,3757000
2011-11-09,77.43,77.650002,75.959999,76.440002,66.264359,4682600
2011-11-10,77.290001,78.120003,76.860001,77.470001,67.157265,3664300
2011-11-11,78.660004,80.360001,78.660004,79.83000200000001,69.203102,4573700
2011-11-14,79.18,79.730003,78.68,79.050003,68.526962,3149500
2011-11-15,78.809998,79.800003,78.139999,79.33000200000001,68.769676,3775500
2011-11-16,77.910004,78.900002,77.339996,77.449997,67.54866,5749500
2011-11-17,77.260002,77.41999799999999,74.93,75.690002,66.013634,4923200
2011-11-18,76.25,76.41999799999999,75.269997,76.110001,66.379959,3442300
2011-11-21,74.639999,74.839996,72.839996,74.07,64.600761,4692300
2011-11-22,73.839996,73.949997,72.529999,73.050003,63.71114300000001,3818100
2011-11-23,71.769997,72.43,70.970001,70.970001,61.897064,4713600
2011-11-25,70.410004,72.010002,70.410004,71.040001,61.958130000000004,1892600
2011-11-28,72.610001,73.58000200000001,72.489998,73.139999,63.789654000000006,4026100
2011-11-29,73.720001,73.889999,72.949997,72.980003,63.650105,3739900
2011-11-30,75.349998,76.93,75.339996,76.599998,66.80731999999999,5320300
2011-12-01,76.199997,77.150002,76.199997,76.58000200000001,66.789864,2736300
2011-12-02,77.610001,78.32,76.449997,76.540001,66.754982,4727700
2011-12-05,77.839996,78.110001,76.040001,76.639999,66.842178,4516800
2011-12-06,76.970001,77.0,76.129997,76.309998,66.55438199999999,3550100
2011-12-07,75.900002,76.629997,74.690002,76.25,66.502052,5181800
2011-12-08,75.66999799999999,76.129997,74.089996,74.370003,64.86239599999999,4294100
2011-12-09,74.690002,76.58000200000001,74.589996,76.309998,66.55438199999999,3949300
2011-12-12,75.629997,75.760002,74.150002,74.480003,64.958344,4844700
2011-12-13,75.010002,75.959999,73.75,74.199997,64.71414200000001,5396200
2011-12-14,73.760002,74.199997,72.75,73.16999799999999,63.8158,5176000
2011-12-15,73.599998,74.029999,72.91999799999999,73.529999,64.129776,3805100
2011-12-16,73.66999799999999,74.309998,71.860001,72.389999,63.135532,11672900
2011-12-19,72.610001,73.279999,71.599998,71.75,62.577335,4295900
2011-12-20,73.220001,74.660004,72.879997,74.400002,64.888565,4778000
2011-12-21,74.66999799999999,74.910004,72.860001,73.620003,64.208282,6170800
2011-12-22,73.720001,73.839996,72.940002,73.510002,64.11235,5789200
2011-12-23,73.739998,74.239998,73.25,74.18,64.696686,2275200
2011-12-27,73.970001,74.589996,73.779999,74.029999,64.565865,2536500
2011-12-28,73.980003,74.07,72.949997,73.129997,63.780926,2546900
2011-12-29,72.370003,73.870003,72.279999,73.82,64.38272099999999,2500100
2011-12-30,73.860001,73.970001,73.08000200000001,73.089996,63.74604,2427800
2012-01-03,74.910004,75.639999,74.43,74.660004,65.115318,4875200
2012-01-04,74.279999,75.25,74.089996,75.050003,65.45546,6170700
2012-01-05,74.459999,74.720001,73.66999799999999,74.33000200000001,64.827507,4607100
2012-01-06,74.220001,74.519997,73.620003,73.900002,64.452492,3489100
2012-01-09,74.5,74.5,73.760002,74.099998,64.626923,4325600
2012-01-10,75.239998,76.349998,74.839996,76.029999,66.310188,4722200
2012-01-11,75.58000200000001,76.970001,75.5,76.699997,66.894524,4598100
2012-01-12,77.160004,77.510002,76.510002,77.239998,67.365501,3713700
2012-01-13,76.559998,76.739998,75.809998,76.08000200000001,66.35378299999999,3473600
2012-01-17,77.209999,78.220001,76.989998,77.040001,67.191063,5144100
2012-01-18,76.800003,77.860001,76.57,77.599998,67.679466,3763500
2012-01-19,77.650002,77.849998,77.07,77.190002,67.321892,4495000
2012-01-20,76.730003,77.769997,75.690002,76.690002,66.885834,6517500
2012-01-23,76.470001,77.540001,76.470001,76.860001,67.03407299999999,4325800
2012-01-24,76.629997,77.800003,76.5,77.779999,67.836464,5606500
2012-01-25,76.949997,78.660004,75.629997,77.650002,67.72306800000001,7294400
2012-01-26,78.860001,78.860001,77.019997,77.410004,67.513756,4923500
2012-01-27,77.160004,77.870003,76.910004,77.620003,67.696915,4073400
2012-01-30,76.959999,77.629997,76.41999799999999,77.610001,67.688179,4773300
2012-01-31,77.639999,78.75,77.639999,78.349998,68.333588,6005600
2012-02-01,78.970001,80.379997,78.970001,80.220001,69.964523,6779800
2012-02-02,80.480003,80.629997,79.800003,80.019997,69.79008499999999,5028900
2012-02-03,80.959999,81.5,80.800003,81.050003,70.688416,5385400
2012-02-06,80.5,80.809998,80.120003,80.57,70.26978299999999,3853600
2012-02-07,80.339996,80.489998,79.66999799999999,80.279999,70.016853,2799700
2012-02-08,80.529999,81.860001,79.769997,81.739998,71.290199,6913800
2012-02-09,82.739998,84.309998,82.5,83.779999,73.06942,8907500
2012-02-10,82.91999799999999,83.5,82.650002,83.5,72.825195,4509400
2012-02-13,84.199997,85.199997,84.08000200000001,84.879997,74.02879300000001,5564700
2012-02-14,84.459999,84.650002,83.970001,84.639999,73.819473,3555200
2012-02-15,84.639999,84.68,82.480003,82.599998,72.451134,6471400
2012-02-16,82.550003,83.33000200000001,82.480003,83.220001,72.99498,4170500
2012-02-17,83.83000200000001,84.190002,83.470001,83.779999,73.486153,3817400
2012-02-21,84.300003,84.639999,83.260002,83.959999,73.644028,3600700
2012-02-22,83.900002,84.300003,83.440002,83.949997,73.635246,3175500
2012-02-23,84.199997,84.639999,83.010002,83.489998,73.23178100000001,4703500
2012-02-24,83.709999,84.540001,83.57,83.970001,73.65280899999999,3289000
2012-02-27,83.32,84.120003,82.83000200000001,83.629997,73.354576,3054100
2012-02-28,83.720001,83.790001,83.110001,83.470001,73.214233,2573400
2012-02-29,83.800003,84.32,83.529999,83.870003,73.565086,4177400
2012-03-01,83.860001,84.440002,83.66999799999999,84.160004,73.81948100000001,4036300
2012-03-02,83.91999799999999,84.639999,83.900002,84.540001,74.15276300000001,3601200
2012-03-05,84.120003,84.199997,82.860001,83.290001,73.05635799999999,3156600
2012-03-06,82.610001,82.68,81.010002,81.389999,71.38979300000001,4840100
2012-03-07,81.900002,82.870003,81.709999,82.57,72.424828,4266100
2012-03-08,83.519997,83.989998,83.010002,83.529999,73.26686099999999,2739600
2012-03-09,83.489998,83.91999799999999,83.230003,83.550003,73.28439300000001,2511100
2012-03-12,83.839996,84.230003,83.690002,83.989998,73.670364,3592400
2012-03-13,84.510002,86.730003,84.059998,86.57,75.93336500000001,7594700
2012-03-14,86.349998,86.900002,85.849998,86.809998,76.143867,6995900
2012-03-15,86.889999,87.5,85.900002,86.889999,76.214043,7203200
2012-03-16,87.0,87.360001,85.230003,85.480003,74.977287,8007600
2012-03-19,85.720001,85.720001,84.559998,84.620003,74.222946,4611300
2012-03-20,83.870003,84.089996,83.07,83.260002,73.030045,4558100
2012-03-21,83.5,83.519997,82.410004,82.720001,72.556412,3380400
2012-03-22,82.199997,82.410004,81.540001,82.07,71.98625899999999,5156800
2012-03-23,82.040001,82.290001,81.519997,81.800003,71.749443,3819500
2012-03-26,82.559998,83.519997,82.510002,83.5,73.240562,3560400
2012-03-27,83.43,83.5,82.849998,83.110001,72.89846,3633100
2012-03-28,83.260002,83.260002,81.120003,81.519997,71.503838,4873200
2012-03-29,81.129997,82.379997,81.0,82.32,72.205536,3752900
2012-03-30,82.959999,83.269997,82.279999,82.940002,72.749367,3497300
2012-04-02,82.5,83.57,81.910004,82.730003,72.565186,3336700
2012-04-03,82.629997,83.110001,81.769997,82.199997,72.10028100000001,3265100
2012-04-04,81.739998,82.089996,81.410004,81.91999799999999,71.854691,2970400
2012-04-05,81.550003,82.160004,81.379997,81.599998,71.574013,2483100
2012-04-09,80.82,80.82,79.959999,80.230003,70.372322,3201500
2012-04-10,79.809998,80.07,78.349998,78.480003,68.83736400000001,5025100
2012-04-11,79.440002,80.029999,79.129997,79.629997,69.846039,3710400
2012-04-12,79.599998,81.459999,79.589996,81.16999799999999,71.196831,2742900
2012-04-13,80.559998,80.93,79.739998,79.800003,69.995148,3252200
2012-04-16,80.129997,80.959999,79.610001,79.879997,70.065331,3183300
2012-04-17,80.370003,81.599998,80.110001,81.239998,71.25824,3021600
2012-04-18,80.959999,81.449997,80.849998,81.199997,71.223137,2604000
2012-04-19,81.089996,81.58000200000001,80.0,80.400002,70.521454,2660600
2012-04-20,80.610001,81.540001,80.610001,81.0,71.047737,3620900
2012-04-23,80.099998,80.25,79.389999,79.75,69.951302,4870900
2012-04-24,80.230003,80.75,79.260002,79.849998,70.039024,3732700
2012-04-25,80.639999,81.08000200000001,79.339996,79.809998,70.003929,4127400
2012-04-26,79.870003,81.360001,79.529999,81.25,71.266998,3088200
2012-04-27,81.629997,82.099998,81.459999,82.0,71.924858,2768900
2012-04-30,81.980003,82.459999,81.32,81.639999,71.609077,2480300
2012-05-01,81.5,82.239998,80.66999799999999,81.43,71.42488900000001,2424300
2012-05-02,81.18,81.66999799999999,80.839996,81.550003,71.530136,2222400
2012-05-03,81.449997,81.660004,80.540001,80.910004,70.968796,2308000
2012-05-04,80.660004,80.720001,79.290001,79.480003,69.714478,2525000
2012-05-07,78.889999,79.41999799999999,78.82,78.910004,69.214523,2824700
2012-05-08,78.519997,79.0,77.690002,78.82,69.135574,3030000
2012-05-09,77.529999,77.910004,76.760002,77.010002,67.547958,4997400
2012-05-10,77.459999,77.91999799999999,77.08000200000001,77.290001,67.79355600000001,2856400
2012-05-11,76.860001,78.019997,76.720001,77.18,67.69708299999999,2362800
2012-05-14,76.339996,76.599998,75.650002,75.949997,66.618202,4389400
2012-05-15,75.839996,77.050003,75.610001,76.16999799999999,66.81118000000001,3979000
2012-05-16,76.129997,76.220001,74.610001,74.699997,65.937302,4409000
2012-05-17,74.660004,74.68,73.279999,73.33000200000001,64.72801199999999,4219500
2012-05-18,73.559998,73.599998,72.139999,72.379997,63.889458,5762800
2012-05-21,72.589996,73.75,72.370003,73.699997,65.054611,3913100
2012-05-22,74.139999,74.800003,73.589996,73.940002,65.266441,4970400
2012-05-23,73.349998,74.239998,72.440002,74.059998,65.372383,4226200
2012-05-24,74.16999799999999,74.209999,72.599998,73.5,64.87808199999999,3436600
2012-05-25,73.290001,73.839996,72.779999,73.019997,64.454376,2528600
2012-05-29,73.760002,75.129997,73.449997,75.089996,66.281563,5761100
2012-05-30,74.33000200000001,74.559998,73.629997,73.739998,65.08991999999999,3538600
2012-05-31,74.25,74.769997,73.75,74.110001,65.416512,4016400
2012-06-01,72.709999,73.279999,71.779999,72.019997,63.571667000000005,4863200
2012-06-04,71.91999799999999,72.07,70.800003,71.449997,63.068542,4188800
2012-06-05,70.949997,71.370003,70.709999,70.879997,62.565426,4445100
2012-06-06,71.529999,73.660004,71.489998,73.639999,65.00168599999999,4211100
2012-06-07,74.93,76.089996,74.690002,75.400002,66.55519100000001,5744700
2012-06-08,75.160004,75.739998,74.900002,75.5,66.64347099999999,2958600
2012-06-11,76.18,76.379997,74.510002,74.620003,65.866676,2377400
2012-06-12,73.629997,74.599998,73.629997,74.349998,65.628365,6598400
2012-06-13,74.349998,74.449997,72.959999,73.540001,64.913383,8232800
2012-06-14,73.589996,74.730003,73.529999,74.139999,65.442993,7832000
2012-06-15,74.230003,74.5,73.620003,74.489998,65.751938,6678800
2012-06-18,74.300003,75.25,74.010002,75.0,66.20211,3211500
2012-06-19,75.589996,77.0,75.589996,76.400002,67.43789699999999,4259100
2012-06-20,76.360001,76.720001,75.449997,75.910004,67.005371,3438000
2012-06-21,76.559998,77.050003,74.739998,74.82,66.043228,4143600
2012-06-22,75.150002,75.480003,74.809998,75.199997,66.378662,5061600
2012-06-25,74.699997,74.699997,73.559998,73.75,65.098763,2792000
2012-06-26,73.809998,74.0,72.82,73.629997,64.99282099999999,3457600
2012-06-27,73.980003,74.279999,73.760002,74.160004,65.46064799999999,2701300
2012-06-28,73.480003,73.589996,71.860001,72.599998,64.083649,4821800
2012-06-29,73.940002,75.57,73.910004,75.529999,66.669945,5132600
2012-07-02,75.400002,76.129997,74.519997,75.040001,66.23741899999999,3517400
2012-07-03,74.849998,75.949997,74.779999,75.75,66.864136,1526800
2012-07-05,75.589996,75.91999799999999,75.150002,75.389999,66.546371,2323400
2012-07-06,74.720001,74.779999,73.370003,74.089996,65.39885699999999,3620000
2012-07-09,74.0,74.610001,73.760002,74.33000200000001,65.610733,3223900
2012-07-10,75.730003,75.970001,73.610001,74.150002,65.45182,4187100
2012-07-11,74.08000200000001,74.08000200000001,72.260002,72.510002,64.004196,4992200
2012-07-12,71.660004,72.389999,70.949997,71.839996,63.412806999999994,3786600
2012-07-13,71.940002,73.660004,71.940002,73.589996,64.95752,3089500
2012-07-16,73.440002,73.57,72.309998,73.209999,64.622108,2594600
2012-07-17,73.550003,74.300003,72.339996,73.599998,64.966347,3077100
2012-07-18,73.660004,75.18,73.129997,74.849998,66.069695,3134700
2012-07-19,74.91999799999999,76.0,74.519997,75.82,66.925934,3589500
2012-07-20,75.349998,75.459999,74.110001,74.230003,65.522453,4500900
2012-07-23,73.760002,73.760002,72.050003,73.279999,64.683899,2894400
2012-07-24,73.099998,73.33000200000001,71.400002,71.940002,63.501064,3680400
2012-07-25,72.440002,73.239998,71.900002,72.610001,64.092476,4084100
2012-07-26,72.980003,75.309998,72.339996,72.93,64.374931,6464500
2012-07-27,73.449997,74.980003,72.639999,74.279999,65.566574,4971400
2012-07-30,74.269997,75.58000200000001,74.269997,74.970001,66.17564399999999,4438000
2012-07-31,74.639999,75.08000200000001,74.290001,74.440002,65.707809,3506700
2012-08-01,74.900002,75.370003,74.410004,74.790001,66.016769,4138300
2012-08-02,74.260002,74.790001,73.099998,74.440002,65.707809,4493200
2012-08-03,74.91999799999999,77.25,74.91999799999999,76.809998,67.799797,4246400
2012-08-06,77.220001,77.68,76.620003,76.650002,67.658562,3358600
2012-08-07,77.199997,78.510002,77.099998,78.120003,68.956123,4896300
2012-08-08,78.059998,78.459999,77.239998,77.480003,68.391205,3204100
2012-08-09,77.470001,77.529999,76.33000200000001,77.029999,67.99398000000001,2564000
2012-08-10,76.720001,77.91999799999999,76.489998,77.889999,68.75312,2734200
2012-08-13,77.720001,77.879997,76.839996,77.470001,68.382378,2220900
2012-08-14,77.690002,78.260002,77.41999799999999,77.779999,68.656006,3080800
2012-08-15,77.25,78.16999799999999,77.059998,77.989998,69.318161,3241300
2012-08-16,77.41999799999999,79.110001,77.41999799999999,78.769997,70.011421,3661000
2012-08-17,79.449997,80.400002,79.0,80.370003,71.433525,4875300
2012-08-20,80.279999,81.190002,79.790001,80.08000200000001,71.175789,6136500
2012-08-21,80.110001,80.540001,79.199997,79.269997,70.45585600000001,3725100
2012-08-22,79.050003,79.949997,79.010002,79.660004,70.802475,3646300
2012-08-23,79.400002,79.599998,78.779999,79.199997,70.39363900000001,2493300
2012-08-24,79.050003,80.199997,79.0,80.08000200000001,71.175789,3303300
2012-08-27,80.300003,81.110001,79.82,80.559998,71.602386,4735500
2012-08-28,80.360001,80.940002,79.959999,80.639999,71.67351500000001,3781600
2012-08-29,80.769997,80.860001,80.050003,80.16999799999999,71.255775,2458900
2012-08-30,79.529999,79.879997,78.370003,79.059998,70.269188,3705500
2012-08-31,79.790001,80.480003,79.160004,79.849998,70.97135899999999,3215300
2012-09-04,79.699997,80.07,77.91999799999999,78.349998,69.638145,4728800
2012-09-05,78.32,78.32,77.489998,78.029999,69.353706,5563500
2012-09-06,78.739998,79.709999,78.650002,79.400002,70.571404,4581800
2012-09-07,80.099998,80.339996,79.050003,79.410004,70.580315,4623100
2012-09-10,79.199997,79.589996,78.599998,78.610001,69.86924,3817900
2012-09-11,78.620003,79.370003,78.529999,78.760002,70.002563,3280000
2012-09-12,78.839996,79.370003,78.5,78.83000200000001,70.064774,3452700
2012-09-13,78.93,80.889999,78.699997,80.529999,71.57572900000001,4660900
2012-09-14,81.0,82.5,80.68,82.449997,73.282257,7444700
2012-09-17,82.379997,82.559998,81.809998,82.150002,73.015617,3713200
2012-09-18,81.58000200000001,82.0,81.089996,81.480003,72.420097,4098600
2012-09-19,81.360001,81.779999,80.300003,81.720001,72.633415,4078700
2012-09-20,81.389999,81.5,80.18,80.91999799999999,71.922379,5664200
2012-09-21,81.190002,81.349998,80.220001,80.75,71.771294,12712200
2012-09-24,80.43,80.43,79.43,80.029999,71.131332,3639800
2012-09-25,80.089996,80.239998,78.68,78.769997,70.011421,5454100
2012-09-26,78.900002,79.059998,78.309998,78.529999,69.798126,4675500
2012-09-27,78.849998,79.0,77.959999,78.349998,69.638145,4807100
2012-09-28,77.480003,78.410004,76.93,78.290001,69.584816,6074900
2012-10-01,78.559998,79.370003,78.18,78.349998,69.638145,3520000
2012-10-02,78.58000200000001,78.989998,77.980003,78.389999,69.673714,3024200
2012-10-03,78.57,78.760002,77.93,78.559998,69.824799,3673500
2012-10-04,78.93,79.230003,78.440002,78.529999,69.798126,2933100
2012-10-05,79.099998,79.269997,78.18,78.510002,69.780357,2722000
2012-10-08,78.190002,78.529999,77.779999,78.370003,69.655922,1961100
2012-10-09,78.209999,78.489998,77.33000200000001,77.33000200000001,68.73156,4118300
2012-10-10,77.199997,77.389999,75.849998,76.019997,67.567215,4991400
2012-10-11,76.519997,77.150002,76.040001,76.050003,67.59388,4407900
2012-10-12,76.0,76.33000200000001,75.690002,75.959999,67.513885,4291200
2012-10-15,76.129997,76.550003,75.879997,76.150002,67.68276999999999,2854400
2012-10-16,76.68,77.709999,76.400002,77.599998,68.97152700000001,2895900
2012-10-17,77.730003,78.769997,77.519997,78.540001,69.806999,3610900
2012-10-18,78.33000200000001,79.360001,78.050003,79.230003,70.420288,3317000
2012-10-19,78.82,79.139999,77.639999,77.989998,69.318161,4107400
2012-10-22,77.650002,78.849998,77.32,77.83000200000001,69.17596400000001,3657100
2012-10-23,76.510002,78.5,76.349998,77.07,68.500465,6585000
2012-10-24,77.599998,78.309998,76.790001,77.900002,69.238182,5717100
2012-10-25,78.239998,78.599998,77.019997,77.290001,68.695999,4529300
2012-10-26,77.449997,78.43,77.290001,78.199997,69.504829,4323600
2012-10-31,79.18,79.18,77.849998,78.160004,69.469284,4094800
2012-11-01,78.459999,80.389999,78.120003,79.059998,70.269188,6020600
2012-11-02,79.290001,79.900002,78.029999,78.07,69.389275,4894500
2012-11-05,78.0,78.33000200000001,77.709999,77.900002,69.238182,3515000
2012-11-06,78.059998,80.260002,77.900002,79.970001,71.078011,4598100
2012-11-07,79.160004,79.160004,76.910004,77.68,69.042648,5179500
2012-11-08,77.440002,77.699997,76.150002,76.160004,67.69165,3399800
2012-11-09,76.010002,76.599998,75.639999,75.839996,67.407234,3855100
2012-11-12,76.16999799999999,77.190002,75.760002,76.949997,68.393822,3057200
2012-11-13,76.379997,77.790001,76.260002,77.0,68.438248,3731300
2012-11-14,76.790001,76.800003,74.440002,74.650002,66.813766,4274400
2012-11-15,74.870003,75.33000200000001,74.550003,74.839996,66.98383299999999,3624900
2012-11-16,74.970001,75.690002,74.470001,75.25,67.3508,4284500
2012-11-19,76.08000200000001,76.730003,75.599998,76.58000200000001,68.541168,3814900
2012-11-20,76.220001,76.82,75.91999799999999,76.690002,68.639626,2818400
2012-11-21,76.809998,77.839996,76.459999,77.33000200000001,69.21244,2911500
2012-11-23,77.82,78.660004,77.610001,78.610001,70.358101,1426300
2012-11-26,77.769997,78.760002,77.769997,78.68,70.420723,2940400
2012-11-27,78.440002,79.0,77.900002,78.83000200000001,70.555,5260900
2012-11-28,78.5,80.0,78.370003,79.800003,71.42318,4268800
2012-11-29,79.860001,80.199997,79.110001,79.760002,71.387352,4208600
2012-11-30,79.959999,80.360001,79.620003,80.110001,71.700623,7833700
2012-12-03,80.730003,81.349998,79.739998,79.800003,71.42318,3313400
2012-12-04,79.970001,80.720001,79.550003,80.139999,71.72747,3912100
2012-12-05,80.339996,80.75,79.339996,80.230003,71.808037,4158800
2012-12-06,80.300003,80.900002,79.93,80.870003,72.380859,3156700
2012-12-07,81.040001,81.360001,80.279999,80.989998,72.48824300000001,3774700
2012-12-10,80.989998,81.33000200000001,80.809998,81.010002,72.50614200000001,2841200
2012-12-11,81.449997,81.660004,80.949997,81.190002,72.66726700000001,3744900
2012-12-12,81.779999,81.910004,80.650002,81.0,72.4972,3674300
2012-12-13,81.220001,81.379997,80.190002,80.370003,71.933327,4064600
2012-12-14,79.980003,80.75,79.83000200000001,79.980003,71.584282,4672600
2012-12-17,80.129997,80.260002,79.5,79.989998,71.593216,5786200
2012-12-18,80.099998,82.459999,79.900002,82.230003,73.598083,6035800
2012-12-19,82.220001,83.57,81.900002,83.029999,74.314102,7464700
2012-12-20,83.110001,83.639999,82.66999799999999,83.16999799999999,74.43940699999999,4136200
2012-12-21,82.370003,82.870003,81.400002,82.540001,73.875534,7168200
2012-12-24,82.589996,82.800003,82.129997,82.239998,73.607033,1213400
2012-12-26,82.339996,82.440002,81.599998,82.110001,73.490677,2179800
2012-12-27,82.160004,82.449997,81.129997,82.07,73.454887,2953400
2012-12-28,81.519997,81.82,80.68,80.809998,72.327141,2212500
2012-12-31,80.510002,82.25,80.279999,82.010002,73.401176,3678800
2013-01-02,83.43,84.0,83.110001,84.0,75.182289,4485200
2013-01-03,83.75,84.459999,83.410004,84.309998,75.459747,3786600
2013-01-04,84.470001,84.989998,84.07,84.980003,76.059395,3855900
2013-01-07,84.540001,84.989998,84.370003,84.57,75.692436,3378500
2013-01-08,84.389999,84.709999,83.25,83.550003,74.77951,4830600
2013-01-09,83.940002,85.309998,83.83000200000001,84.550003,75.674538,3770000
2013-01-10,85.0,85.019997,84.360001,84.970001,76.050453,3541500
2013-01-11,84.870003,85.489998,84.650002,85.18,76.238419,2983600
2013-01-14,85.25,85.970001,85.25,85.800003,76.793327,3125400
2013-01-15,85.18,86.129997,84.910004,85.959999,76.936516,2758800
2013-01-16,85.540001,85.809998,85.150002,85.57,76.587456,2447300
2013-01-17,86.08000200000001,86.599998,85.589996,86.400002,77.33036,3430700
2013-01-18,86.709999,87.360001,86.239998,86.949997,77.822609,4220000
2013-01-22,86.629997,87.5,86.339996,87.470001,78.28801,4117700
2013-01-23,87.290001,88.379997,86.809998,88.07,78.825027,3959900
2013-01-24,88.010002,88.959999,87.529999,88.91999799999999,79.585808,5352200
2013-01-25,88.860001,89.809998,88.860001,89.790001,80.364494,4548500
2013-01-28,89.93,90.0,89.349998,89.800003,80.37344399999999,4447600
2013-01-29,89.809998,89.860001,89.110001,89.760002,80.337639,4369600
2013-01-30,89.620003,89.720001,89.019997,89.099998,79.746925,4479100
2013-01-31,88.589996,89.099998,87.57,87.57,78.377533,5742000
2013-02-01,87.989998,90.110001,87.989998,89.839996,80.409233,6773500
2013-02-04,90.43,90.75,89.18,89.540001,80.140739,5894000
2013-02-05,90.260002,90.599998,89.050003,89.260002,79.890121,5106400
2013-02-06,88.660004,89.529999,88.660004,89.370003,79.988579,3344700
2013-02-07,89.540001,89.949997,88.610001,89.949997,80.507683,3780700
2013-02-08,90.099998,90.889999,89.75,90.089996,80.63299599999999,3849300
2013-02-11,90.07,90.32,89.360001,89.610001,80.20339200000001,3079000
2013-02-12,89.800003,90.08000200000001,89.550003,89.980003,80.534554,3315100
2013-02-13,89.82,89.82,89.0,89.5,80.584061,3574700
2013-02-14,89.230003,90.0,88.800003,89.690002,80.755135,3629400
2013-02-15,90.050003,90.779999,89.849998,90.779999,81.73655699999999,4419900
2013-02-19,91.029999,91.510002,90.629997,91.019997,81.952637,4422100
2013-02-20,91.019997,91.199997,90.110001,90.160004,81.17830699999999,3019800
2013-02-21,89.779999,89.809998,88.519997,89.410004,80.503029,3785200
2013-02-22,89.889999,90.489998,89.66999799999999,90.489998,81.475433,3649200
2013-02-25,90.900002,90.949997,88.370003,88.370003,79.56662,4001000
2013-02-26,89.010002,89.529999,88.66999799999999,89.199997,80.31395699999999,2607100
2013-02-27,89.099998,90.760002,88.410004,90.57,81.54746999999999,3362100
2013-02-28,90.739998,91.32,90.230003,90.550003,81.529472,3836600
2013-03-01,90.260002,90.75,89.279999,90.129997,81.151306,2707800
2013-03-04,89.540001,89.709999,88.489998,89.129997,80.250908,3145400
2013-03-05,89.690002,91.290001,89.510002,91.019997,81.952637,3362800
2013-03-06,91.589996,91.860001,90.900002,91.07,81.99764300000001,2564700
2013-03-07,91.199997,91.889999,91.18,91.709999,82.57390600000001,2526400
2013-03-08,92.029999,92.910004,91.889999,92.07,82.898026,3120800
2013-03-11,92.160004,93.099998,91.910004,92.910004,83.65435,2568300
2013-03-12,92.860001,93.239998,92.25,93.139999,83.86145,3027400
2013-03-13,93.190002,93.43,92.709999,93.08000200000001,83.807426,3825700
2013-03-14,93.379997,93.449997,92.970001,93.449997,84.140564,3268900
2013-03-15,93.300003,93.5,93.0,93.279999,83.987488,5577800
2013-03-18,92.970001,93.58000200000001,92.620003,92.769997,83.52832,2980200
2013-03-19,93.0,93.660004,92.480003,93.110001,83.834427,3701100
2013-03-20,93.82,94.0,93.349998,93.449997,84.140564,3012000
2013-03-21,93.010002,93.309998,92.279999,92.43,83.22216800000001,2222500
2013-03-22,92.790001,93.639999,92.599998,93.589996,84.26661700000001,3207800
2013-03-25,93.779999,94.0,92.33000200000001,92.800003,83.55532099999999,2353700
2013-03-26,93.279999,93.480003,92.540001,92.650002,83.420273,3004200
2013-03-27,92.339996,92.760002,91.290001,92.610001,83.384254,2442700
2013-03-28,93.099998,93.730003,93.010002,93.43,84.122566,4046700
2013-04-01,93.160004,93.410004,92.699997,92.91999799999999,83.663353,2543400
2013-04-02,93.150002,93.540001,92.849998,92.989998,83.72637900000001,2586400
2013-04-03,93.150002,93.970001,93.010002,93.199997,83.91546600000001,4407400
2013-04-04,93.370003,93.800003,92.959999,93.160004,83.879448,3029500
2013-04-05,92.0,92.75,91.900002,92.639999,83.41125500000001,2564800
2013-04-08,92.839996,93.720001,92.41999799999999,93.709999,84.374664,2386000
2013-04-09,93.940002,94.58000200000001,93.379997,94.449997,85.04095500000001,3181300
2013-04-10,94.720001,95.699997,94.639999,95.18,85.698227,3780200
2013-04-11,95.519997,95.839996,95.16999799999999,95.82,86.274475,3908900
2013-04-12,95.629997,95.690002,95.16999799999999,95.690002,86.157425,2539600
2013-04-15,95.370003,95.480003,93.5,93.519997,84.20359,3956200
2013-04-16,94.400002,94.82,93.720001,94.510002,85.094963,2843400
2013-04-17,93.790001,93.889999,92.410004,92.849998,83.60032700000001,3531700
2013-04-18,92.910004,93.110001,91.25,91.550003,82.42984799999999,4387800
2013-04-19,91.720001,93.290001,91.720001,93.220001,83.933487,3784200
2013-04-22,93.220001,94.059998,92.540001,93.629997,84.302643,3133200
2013-04-23,93.300003,94.25,90.650002,92.889999,83.63636,6504600
2013-04-24,92.730003,93.07,91.82,92.0,82.835014,4228100
2013-04-25,92.400002,93.190002,92.0,92.110001,82.93405899999999,3592100
2013-04-26,92.029999,92.209999,91.129997,91.150002,82.069695,2927400
2013-04-29,91.269997,91.790001,90.620003,91.620003,82.492859,2993600
2013-04-30,92.099998,92.230003,91.040001,91.290001,82.195747,4175200
2013-05-01,91.040001,91.650002,90.91999799999999,91.050003,81.97966,3981900
2013-05-02,91.290001,92.190002,91.290001,91.75,82.60990100000001,2724800
2013-05-03,92.730003,93.480003,92.43,93.110001,83.834427,3088100
2013-05-06,92.949997,93.83000200000001,92.800003,93.489998,84.176582,2063300
2013-05-07,93.589996,93.900002,93.269997,93.870003,84.51870699999999,2527100
2013-05-08,93.75,94.379997,93.589996,94.379997,84.977928,2606200
2013-05-09,94.510002,95.589996,94.32,94.760002,85.320076,3633300
2013-05-10,94.910004,95.25,94.57,95.25,85.761238,2529000
2013-05-13,95.029999,95.32,94.769997,94.949997,85.491135,1963800
2013-05-14,94.970001,95.970001,94.970001,95.93,86.373512,3565500
2013-05-15,95.470001,95.879997,94.790001,95.809998,86.749252,3042600
2013-05-16,95.510002,95.83000200000001,95.050003,95.16999799999999,86.169785,2938900
2013-05-17,95.279999,97.410004,94.870003,97.349998,88.14361600000001,4206600
2013-05-20,97.040001,97.720001,96.940002,97.230003,88.034973,2625300
2013-05-21,97.559998,98.150002,97.220001,97.550003,88.324722,2791600
2013-05-22,97.599998,98.18,96.110001,96.25,87.147644,4320500
2013-05-23,95.379997,95.970001,94.93,95.489998,86.459518,3270700
2013-05-24,95.0,95.269997,94.190002,95.040001,86.05207800000001,2615400
2013-05-28,95.940002,96.620003,95.5,95.970001,86.89413499999999,3431100
2013-05-29,95.389999,95.629997,94.809998,95.120003,86.124527,3171500
2013-05-30,95.440002,96.510002,95.199997,95.959999,86.885086,3701400
2013-05-31,95.629997,96.610001,94.900002,94.900002,85.92531600000001,4232000
2013-06-03,95.160004,95.75,94.010002,95.230003,86.224106,4368800
2013-06-04,94.91999799999999,95.41999799999999,93.639999,94.279999,85.36395300000001,3433700
2013-06-05,93.940002,94.029999,92.870003,93.010002,84.214058,3793800
2013-06-06,92.910004,93.139999,91.839996,92.75,83.978622,4648400
2013-06-07,93.720001,94.620003,91.779999,94.5,85.563156,4810000
2013-06-10,94.589996,94.82,93.949997,94.139999,85.237183,3479500
2013-06-11,93.32,94.629997,92.879997,93.68,84.820686,2627600
2013-06-12,94.599998,94.839996,92.470001,92.68,83.91526800000001,2545900
2013-06-13,92.82,94.459999,92.190002,94.290001,85.373009,4092200
2013-06-14,94.339996,94.849998,93.650002,94.019997,85.128548,2235400
2013-06-17,94.970001,95.839996,94.68,94.980003,85.997765,3006200
2013-06-18,94.949997,96.41999799999999,94.949997,96.16999799999999,87.075211,3084100
2013-06-19,96.050003,96.400002,94.18,94.18,85.273392,3406400
2013-06-20,93.239998,93.470001,92.199997,92.349998,83.616478,3757000
2013-06-21,92.91999799999999,93.050003,91.360001,92.18,83.462547,5729400
2013-06-24,91.269997,92.470001,90.300003,91.489998,82.837807,3856300
2013-06-25,92.129997,92.440002,91.33000200000001,91.779999,83.100372,3184000
2013-06-26,92.629997,93.379997,92.139999,92.980003,84.186897,2546700
2013-06-27,93.370003,93.589996,92.709999,93.510002,84.666771,4417000
2013-06-28,93.220001,93.839996,92.41999799999999,92.940002,84.150673,4581600
2013-07-01,93.309998,95.230003,93.309998,94.739998,85.780449,3889500
2013-07-02,94.709999,95.110001,93.489998,93.800003,84.92935200000001,3696000
2013-07-03,93.550003,95.110001,93.120003,94.730003,85.771408,1737000
2013-07-05,95.5,96.629997,95.41999799999999,96.529999,87.401161,2655900
2013-07-08,97.050003,97.769997,96.800003,96.980003,87.80860899999999,2893000
2013-07-09,97.769997,98.529999,97.559998,98.019997,88.750252,3379400
2013-07-10,98.010002,98.099998,97.379997,97.790001,88.542007,3142800
2013-07-11,98.93,99.779999,98.82,99.690002,90.26232900000001,3736500
2013-07-12,99.610001,100.699997,99.019997,99.83000200000001,90.389084,4728300
2013-07-15,100.08000200000001,100.5,99.720001,100.239998,90.7603,2893300
2013-07-16,100.110001,100.660004,99.849998,99.989998,90.533951,2303900
2013-07-17,100.82,101.0,100.410004,100.860001,91.321671,2515900
2013-07-18,100.940002,101.480003,100.739998,101.339996,91.756294,2703000
2013-07-19,101.41999799999999,102.5,101.199997,102.480003,92.788475,3271500
2013-07-22,103.529999,103.529999,102.019997,102.110001,92.453468,3025100
2013-07-23,103.300003,105.660004,103.029999,105.120003,95.178825,5389300
2013-07-24,105.470001,105.5,103.760002,104.989998,95.061089,4182100
2013-07-25,105.08000200000001,105.089996,103.889999,104.790001,94.880013,3339500
2013-07-26,104.379997,105.059998,103.980003,104.970001,95.042992,2644100
2013-07-29,104.41999799999999,105.209999,104.33000200000001,105.07,95.13356,2318800
2013-07-30,105.5,106.010002,104.970001,105.57,95.58626600000001,2960500
2013-07-31,105.769997,106.550003,105.33000200000001,105.57,95.58626600000001,3157100
2013-08-01,106.41999799999999,107.849998,106.41999799999999,107.18,97.04400600000001,3014000
2013-08-02,107.059998,107.860001,106.589996,107.769997,97.578194,3284800
2013-08-05,107.339996,107.379997,106.589996,106.639999,96.555077,3004400
2013-08-06,106.449997,106.449997,104.769997,105.199997,95.251244,3323500
2013-08-07,104.900002,106.209999,104.699997,106.029999,96.002769,2369000
2013-08-08,106.57,107.160004,105.610001,106.260002,96.211014,2100400
2013-08-09,106.059998,106.489998,104.980003,105.620003,95.631538,1907200
2013-08-12,105.129997,105.720001,104.910004,105.540001,95.559097,2246600
2013-08-13,105.82,107.389999,105.349998,106.800003,96.69995899999999,2625500
2013-08-14,106.279999,106.650002,104.93,105.059998,95.603409,2146900
2013-08-15,103.959999,104.16999799999999,102.68,102.989998,93.719719,2747300
2013-08-16,102.959999,103.720001,102.720001,103.08000200000001,93.80162800000001,3318500
2013-08-19,102.83000200000001,103.43,102.529999,102.629997,93.39211999999999,2222900
2013-08-20,102.629997,102.940002,101.900002,102.400002,93.18283100000001,2961800
2013-08-21,102.199997,102.480003,101.209999,101.699997,92.545837,3075000
2013-08-22,102.089996,104.0,101.650002,102.959999,93.692406,2703400
2013-08-23,103.0,103.75,102.650002,102.800003,93.546814,2606900
2013-08-26,102.900002,103.480003,102.300003,102.300003,93.091835,1657200
2013-08-27,101.209999,101.82,99.699997,99.940002,90.944252,3082700
2013-08-28,99.790001,100.379997,99.709999,99.980003,90.980652,2397200
2013-08-29,99.730003,100.889999,99.5,100.459999,91.41745,2323500
2013-08-30,100.730003,100.790001,99.730003,100.099998,91.089851,2492500
2013-09-03,101.099998,103.129997,101.089996,102.660004,93.419434,4633500
2013-09-04,102.440002,103.410004,102.059998,103.360001,94.056412,2567900
2013-09-05,103.230003,104.129997,102.839996,103.68,94.347603,1672700
2013-09-06,104.120003,104.400002,102.18,103.230003,93.93811,2444100
2013-09-09,103.540001,104.800003,103.540001,104.480003,95.07560699999999,2194400
2013-09-10,105.25,106.410004,105.0,106.260002,96.695389,2881100
2013-09-11,106.769997,107.83000200000001,106.41999799999999,107.83000200000001,98.124062,3121300
2013-09-12,107.800003,109.129997,107.650002,107.83000200000001,98.124062,3514000
2013-09-13,108.010002,108.389999,107.400002,108.389999,98.633652,2219100
2013-09-16,109.529999,110.0,109.050003,109.699997,99.825745,2819500
2013-09-17,109.599998,111.470001,109.489998,110.389999,100.453644,3361400
2013-09-18,110.099998,111.089996,108.910004,111.010002,101.017838,3718700
2013-09-19,111.519997,112.459999,111.339996,112.0,101.91870899999999,3094700
2013-09-20,112.0,112.190002,109.58000200000001,109.58000200000001,99.716537,5758400
2013-09-23,109.68,110.839996,109.099998,109.41999799999999,99.57094599999999,3095900
2013-09-24,109.550003,110.599998,109.099998,110.0,100.098747,2520000
2013-09-25,109.860001,110.889999,109.230003,109.260002,99.425354,2458000
2013-09-26,109.66999799999999,110.379997,109.110001,109.660004,99.789337,2577300
2013-09-27,108.989998,109.57,108.300003,109.360001,99.516357,1846800
2013-09-30,108.860001,109.010002,107.5,107.82,98.114975,3333000
2013-10-01,108.08000200000001,108.480003,106.349998,107.379997,97.714569,4995300
2013-10-02,106.739998,106.760002,104.550003,104.980003,95.530602,5604500
2013-10-03,104.83000200000001,104.980003,102.730003,103.690002,94.356712,4264800
2013-10-04,103.769997,104.620003,103.300003,104.269997,94.884491,2111500
2013-10-07,103.440002,104.75,103.0,104.029999,94.666122,2164100
2013-10-08,104.010002,104.480003,102.730003,102.760002,93.510437,2200500
2013-10-09,103.0,103.389999,102.209999,102.839996,93.583229,3548600
2013-10-10,104.370003,105.91999799999999,103.980003,105.91999799999999,96.385986,3419500
2013-10-11,105.68,107.029999,105.370003,107.010002,97.377884,3201600
2013-10-14,106.029999,107.07,105.68,106.900002,97.27778599999999,2435300
2013-10-15,106.82,106.910004,105.769997,105.800003,96.276802,2710200
2013-10-16,106.510002,107.139999,105.970001,106.43,96.85009000000001,3246200
2013-10-17,105.980003,108.160004,105.980003,108.019997,98.296951,2069500
2013-10-18,108.08000200000001,108.440002,107.059998,107.739998,98.04216,2708200
2013-10-21,107.900002,107.940002,106.949997,107.620003,97.932976,2958000
2013-10-22,107.620003,108.559998,105.07,106.129997,96.577095,5832200
2013-10-23,106.199997,106.91999799999999,105.660004,106.389999,96.813683,3399000
2013-10-24,107.349998,107.489998,106.209999,107.059998,97.423363,2654700
2013-10-25,106.910004,107.529999,106.529999,107.519997,97.841972,2732500
2013-10-28,107.089996,107.239998,105.910004,105.989998,96.449692,3284200
2013-10-29,106.019997,106.449997,105.760002,106.41999799999999,96.840981,2246500
2013-10-30,106.589996,107.230003,105.68,105.949997,96.41327700000001,2031400
2013-10-31,105.900002,107.239998,105.730003,106.25,96.686302,2963800
2013-11-01,106.449997,107.730003,106.410004,107.510002,97.832893,2511000
2013-11-04,108.309998,108.440002,107.480003,107.980003,98.260574,2293700
2013-11-05,107.589996,108.260002,106.709999,107.68,97.987564,2289600
2013-11-06,108.230003,108.980003,108.099998,108.66999799999999,98.88846600000001,3150300
2013-11-07,108.779999,109.269997,107.089996,107.269997,97.614456,2536000
2013-11-08,107.010002,108.589996,106.790001,108.550003,98.779274,2950900
2013-11-11,108.540001,108.599998,107.779999,108.08000200000001,98.35157,2409700
2013-11-12,107.889999,107.970001,107.150002,107.449997,97.778252,3004400
2013-11-13,106.550003,107.540001,106.019997,107.459999,98.327278,2797600
2013-11-14,108.5,108.970001,107.480003,108.690002,99.452736,2561000
2013-11-15,108.82,109.0,108.190002,108.589996,99.361221,2974400
2013-11-18,108.599998,109.910004,108.599998,109.129997,99.855347,2415200
2013-11-19,108.91999799999999,109.489998,108.800003,109.099998,99.827904,1877700
2013-11-20,109.300003,109.66999799999999,108.599998,108.83000200000001,99.580841,2239900
2013-11-21,109.120003,109.849998,108.989998,109.769997,100.44096400000001,1964100
2013-11-22,109.739998,110.33000200000001,109.230003,110.199997,100.834419,2467300
2013-11-25,110.949997,110.989998,110.089996,110.309998,100.935059,2155100
2013-11-26,110.410004,111.5,110.25,110.940002,101.511528,2825900
2013-11-27,111.230003,111.900002,111.08000200000001,111.510002,102.033073,1770500
2013-11-29,111.300003,111.610001,110.699997,110.860001,101.438316,1301000
2013-12-02,111.16999799999999,111.400002,110.110001,110.309998,100.935059,2091300
2013-12-03,109.91999799999999,110.529999,109.260002,109.690002,100.367767,3294200
2013-12-04,109.339996,109.559998,107.989998,108.940002,99.681503,2511000
2013-12-05,108.089996,109.58000200000001,108.089996,109.050003,99.78215,2024000
2013-12-06,110.239998,111.199997,110.07,111.120003,101.676224,2456500
2013-12-09,111.050003,111.550003,110.709999,111.18,101.731117,2803000
2013-12-10,110.66999799999999,111.610001,110.089996,110.980003,101.54813399999999,2809600
2013-12-11,111.08000200000001,111.199997,108.650002,108.660004,99.42529300000001,3455900
2013-12-12,108.5,108.93,107.360001,108.089996,98.903717,3652100
2013-12-13,106.160004,107.889999,105.900002,107.349998,98.226616,4519600
2013-12-16,107.809998,109.120003,107.5,108.529999,99.306343,3276700
2013-12-17,108.989998,109.129997,107.379997,107.620003,98.473679,3451700
2013-12-18,108.0,109.849998,106.949997,109.809998,100.477554,3715800
2013-12-19,109.629997,109.989998,109.190002,109.5,100.193893,2927400
2013-12-20,109.220001,111.129997,109.07,110.660004,101.255333,4618000
2013-12-23,111.41999799999999,111.470001,110.57,110.82,101.401718,1967500
2013-12-24,110.800003,111.599998,110.68,111.470001,101.996475,747900
2013-12-26,111.610001,112.760002,111.559998,112.690002,103.112785,2449400
2013-12-27,112.849998,113.040001,112.440002,112.800003,103.213448,1593900
2013-12-30,112.900002,112.900002,112.099998,112.730003,103.149399,1614900
2013-12-31,113.160004,113.940002,113.08000200000001,113.800003,104.12844799999999,2103200
2014-01-02,112.900002,113.209999,112.309998,112.489998,102.929794,2649500
2014-01-03,112.949997,113.510002,112.730003,112.900002,103.304939,2314900
2014-01-06,113.379997,113.839996,112.160004,112.790001,103.2043,2956800
2014-01-07,113.120003,113.970001,112.900002,113.510002,103.863106,2500300
2014-01-08,112.940002,113.940002,112.559998,113.650002,103.99121099999999,3141400
2014-01-09,114.07,114.230003,113.050003,113.709999,104.046112,2123200
2014-01-10,114.25,114.709999,113.0,113.83000200000001,104.155914,2248200
2014-01-13,113.260002,114.349998,112.620003,112.800003,103.213448,3259500
2014-01-14,112.66999799999999,113.410004,112.120003,112.629997,103.057907,3430500
2014-01-15,112.57,114.279999,112.550003,114.07,104.375519,2271800
2014-01-16,113.879997,114.389999,113.589996,114.220001,104.512772,2653100
2014-01-17,113.690002,114.470001,113.650002,114.209999,104.50361600000001,4284300
2014-01-21,114.839996,115.980003,114.459999,114.989998,105.217331,4737200
2014-01-22,117.489998,118.199997,115.449997,116.120003,106.251297,5042800
2014-01-23,115.08000200000001,115.91999799999999,114.489998,114.839996,105.080055,4086400
2014-01-24,114.019997,114.349998,111.769997,111.800003,102.298439,5119800
2014-01-27,111.879997,114.809998,111.57,113.790001,104.11930799999999,7665000
2014-01-28,113.589996,113.93,112.989998,113.860001,104.183357,3662100
2014-01-29,113.059998,114.050003,112.43,113.269997,103.64349399999999,3881200
2014-01-30,113.980003,115.269997,113.650002,114.68,104.93366999999999,3210800
2014-01-31,112.980003,114.93,112.370003,114.019997,104.32978100000001,3482000
2014-02-03,114.110001,114.739998,110.110001,110.160004,100.797813,5262200
2014-02-04,108.370003,110.019997,107.5,109.099998,99.827904,9759600
2014-02-05,108.300003,108.889999,107.0,107.910004,98.73904399999999,6864500
2014-02-06,108.099998,109.5,108.099998,109.449997,100.14814,3717700
2014-02-07,110.029999,111.16999799999999,109.989998,110.730003,101.319366,3982500
2014-02-10,110.589996,111.68,110.33000200000001,111.599998,102.115433,4094000
2014-02-11,111.75,113.199997,111.389999,112.959999,103.35984,3364000
2014-02-12,112.529999,112.860001,111.970001,112.779999,103.73696899999999,3006300
2014-02-13,112.18,113.58000200000001,111.690002,113.300003,104.21528599999999,2520900
2014-02-14,113.260002,114.139999,112.370003,113.870003,104.73957800000001,3466600
2014-02-18,114.0,114.110001,112.959999,113.739998,104.620003,2392800
2014-02-19,113.440002,115.279999,113.410004,114.040001,104.89594299999999,4196200
2014-02-20,114.360001,115.400002,113.470001,115.050003,105.824959,3096800
2014-02-21,115.290001,116.08000200000001,114.720001,115.379997,106.128487,3660000
2014-02-24,115.769997,117.58000200000001,115.300003,116.489998,107.14948999999999,3331500
2014-02-25,116.050003,116.66999799999999,115.559998,115.889999,106.59761,2569500
2014-02-26,115.889999,116.790001,115.610001,116.110001,106.799973,2951600
2014-02-27,116.129997,116.629997,115.650002,116.610001,107.259872,2147100
2014-02-28,116.91999799999999,117.910004,116.199997,117.019997,107.63699299999999,3272200
2014-03-03,115.599998,117.099998,115.449997,116.760002,107.397842,3125600
2014-03-04,117.800003,118.16999799999999,117.150002,117.589996,108.161278,3217100
2014-03-05,118.160004,118.41999799999999,117.33000200000001,117.410004,107.99571999999999,2487400
2014-03-06,118.08000200000001,118.199997,117.260002,117.760002,108.31766499999999,1786900
2014-03-07,118.239998,118.400002,117.599998,118.309998,108.823555,2912900
2014-03-10,118.199997,118.400002,116.900002,117.769997,108.326851,2474300
2014-03-11,117.790001,117.82,115.5,115.639999,106.36766100000001,3350400
2014-03-12,115.410004,115.83000200000001,114.510002,115.809998,106.524025,3184200
2014-03-13,116.019997,116.5,112.32,112.889999,103.838142,5926400
2014-03-14,113.040001,114.360001,112.41999799999999,112.599998,103.571396,4213800
2014-03-17,113.16999799999999,114.879997,113.050003,114.410004,105.236282,3993600
2014-03-18,114.709999,115.290001,114.339996,114.68,105.484627,2554900
2014-03-19,114.639999,115.099998,112.839996,114.010002,104.868347,2972400
2014-03-20,114.029999,114.5,113.0,113.769997,104.647591,2895500
2014-03-21,116.519997,117.599998,114.410004,114.57,105.38344599999999,10342400
2014-03-24,114.970001,115.199997,112.93,113.75,104.629204,3124900
2014-03-25,114.370003,115.239998,113.790001,115.199997,105.962921,3453300
2014-03-26,115.849998,116.290001,114.58000200000001,114.58000200000001,105.392647,3462600
2014-03-27,114.290001,114.699997,113.300003,113.800003,104.675186,2403200
2014-03-28,114.199997,115.440002,114.120003,114.809998,105.60419499999999,2457100
2014-03-31,115.480003,116.959999,115.279999,116.839996,107.471405,3605400
2014-04-01,117.089996,118.0,116.779999,117.91999799999999,108.464828,3304000
2014-04-02,119.610001,120.129997,118.75,119.870003,110.258476,7473200
2014-04-03,119.989998,120.0,119.120003,119.769997,110.16648899999998,3775300
2014-04-04,120.239998,120.489998,117.980003,118.18,108.70398700000001,3700000
2014-04-07,117.199997,118.660004,116.110001,116.18,106.86435700000001,3493800
2014-04-08,115.82,116.349998,114.940002,115.769997,106.48724399999999,2442900
2014-04-09,116.07,117.07,115.599998,117.040001,107.65538799999999,2552300
2014-04-10,117.010002,117.410004,114.489998,114.559998,105.374252,3075600
2014-04-11,114.150002,115.209999,113.540001,113.93,104.794762,3111900
2014-04-14,114.720001,115.300003,113.949997,114.940002,105.723785,2280700
2014-04-15,115.300003,116.08000200000001,113.93,115.839996,106.55162,2794000
2014-04-16,117.0,118.089996,115.910004,118.07,108.60282099999999,2926400
2014-04-17,118.5,119.290001,118.099998,118.57,109.062721,3314100
2014-04-21,118.68,119.059998,118.190002,118.300003,108.81436200000002,2685000
2014-04-22,119.279999,120.660004,119.0,119.190002,109.63301100000001,4189300
2014-04-23,119.08000200000001,119.940002,118.940002,119.650002,110.056114,2683300
2014-04-24,120.08000200000001,120.08000200000001,118.550003,118.980003,109.43983500000002,2150300
2014-04-25,118.459999,118.849998,116.889999,117.209999,107.81176,3439400
2014-04-28,117.82,118.379997,116.389999,117.699997,108.262482,3378100
2014-04-29,117.91999799999999,118.349998,117.059998,117.559998,108.133698,2983400
2014-04-30,117.610001,118.83000200000001,117.470001,118.33000200000001,108.84195700000001,2841100
2014-05-01,118.029999,118.519997,116.610001,116.800003,107.434647,4122100
2014-05-02,116.029999,117.41999799999999,115.849998,116.519997,107.17708600000002,5802400
2014-05-05,116.029999,117.150002,115.510002,116.82,107.453033,2825300
2014-05-06,116.33000200000001,116.620003,115.910004,116.010002,106.70799299999999,1958000
2014-05-07,116.269997,117.07,115.629997,116.910004,107.53582,2605300
2014-05-08,116.870003,118.089996,116.779999,117.019997,107.63699299999999,2520200
2014-05-09,116.82,117.279999,116.150002,116.989998,107.609406,2185000
2014-05-12,117.440002,118.75,117.389999,118.629997,109.11788899999999,2795300
2014-05-13,119.019997,119.190002,118.68,118.739998,109.219078,2077100
2014-05-14,118.559998,118.57,117.160004,117.32,108.45182,1767800
2014-05-15,117.050003,117.25,115.339996,115.699997,106.954269,2864200
2014-05-16,115.870003,116.220001,114.480003,114.58000200000001,105.91893,4486300
2014-05-19,114.07,115.57,113.91999799999999,115.019997,106.325668,3205300
2014-05-20,114.83000200000001,115.129997,112.599998,113.099998,104.550812,3751200
2014-05-21,113.599998,114.959999,113.599998,114.839996,106.15928600000001,3330100
2014-05-22,114.470001,115.510002,114.279999,115.040001,106.34418500000001,2176400
2014-05-23,115.059998,115.660004,114.93,115.540001,106.806366,1505100
2014-05-27,116.089996,116.33000200000001,115.650002,115.849998,107.092941,1988300
2014-05-28,115.93,116.550003,115.83000200000001,115.949997,107.18537099999999,1977400
2014-05-29,116.230003,116.650002,115.790001,116.349998,107.555153,2279200
2014-05-30,116.290001,116.790001,115.779999,116.220001,107.434959,3661800
2014-06-02,116.410004,117.550003,116.199997,117.400002,108.525772,2690700
2014-06-03,118.0,118.220001,117.559998,117.82,108.914032,5362600
2014-06-04,117.900002,117.980003,116.82,117.139999,108.285431,2778400
2014-06-05,117.279999,118.400002,116.93,118.16999799999999,109.237572,2803300
2014-06-06,118.43,118.900002,118.279999,118.900002,109.912399,1958000
2014-06-09,119.0,120.190002,118.480003,120.089996,111.012451,3177100
2014-06-10,119.690002,119.839996,118.559998,119.129997,110.125,2620100
2014-06-11,118.599998,118.690002,117.860001,118.300003,109.35774199999999,2167200
2014-06-12,117.849998,118.239998,116.559998,116.849998,108.017349,2537500
2014-06-13,116.91999799999999,117.269997,116.300003,116.790001,107.961891,1919700
2014-06-16,116.529999,117.209999,116.199997,116.870003,108.035835,1809700
2014-06-17,116.370003,117.360001,116.199997,117.010002,108.165253,2244000
2014-06-18,117.089996,117.470001,115.93,117.230003,108.368622,2896300
2014-06-19,117.470001,117.739998,116.660004,117.58000200000001,108.692177,2256900
2014-06-20,118.110001,118.279999,117.440002,117.989998,109.07116699999999,5249700
2014-06-23,117.779999,117.93,116.709999,117.129997,108.27618400000001,2101000
2014-06-24,116.690002,116.989998,115.650002,115.68,106.935783,2770300
2014-06-25,115.639999,116.339996,115.360001,116.120003,107.34253700000001,2467300
2014-06-26,116.059998,116.220001,115.059998,115.75,107.000496,2914100
2014-06-27,115.730003,116.58000200000001,115.480003,116.58000200000001,107.76776100000001,9124000
2014-06-30,116.389999,116.389999,115.199997,115.449997,106.723175,3377200
2014-07-01,115.970001,116.470001,115.5,115.93,107.16689299999999,3245300
2014-07-02,115.980003,115.980003,114.699997,115.139999,106.43661499999999,3821500
2014-07-03,115.519997,116.0,115.389999,115.529999,106.79713400000001,1746000
2014-07-07,115.610001,115.800003,114.709999,115.099998,106.399628,3779200
2014-07-08,114.75,115.099998,113.949997,114.07,105.44748700000001,2861900
2014-07-09,114.349998,114.5,113.379997,113.839996,105.234871,3358400
2014-07-10,112.790001,113.91999799999999,112.440002,113.510002,104.929825,3654800
2014-07-11,113.800003,114.550003,113.540001,114.129997,105.502945,3697600
2014-07-14,114.980003,115.349998,114.66999799999999,114.879997,106.19623600000001,3017400
2014-07-15,115.160004,116.25,114.639999,114.839996,106.15928600000001,4488700
2014-07-16,115.269997,115.269997,114.230003,114.360001,105.71556899999999,3503700
2014-07-17,113.93,114.110001,112.720001,112.769997,104.24575,4875600
2014-07-18,113.010002,113.660004,112.790001,113.57,104.98528300000001,4244900
2014-07-21,113.41999799999999,113.5,112.57,112.980003,104.439888,5187800
2014-07-22,113.860001,114.0,109.110001,110.860001,102.480125,10527200
2014-07-23,110.650002,110.910004,109.550003,109.730003,101.435547,6990800
2014-07-24,110.0,110.190002,108.790001,108.949997,100.714493,6811900
2014-07-25,108.639999,109.199997,108.43,108.879997,100.649803,4348900
2014-07-28,109.010002,109.16999799999999,108.08000200000001,108.989998,100.75148,5391400
2014-07-29,108.809998,109.25,107.209999,107.33000200000001,99.216965,5480700
2014-07-30,107.809998,108.150002,106.07,106.379997,98.338768,5977500
2014-07-31,105.699997,106.57,105.099998,105.150002,97.201752,6528500
2014-08-01,104.91999799999999,105.809998,104.25,104.75,96.831985,4731300
2014-08-04,105.040001,105.339996,104.400002,105.050003,97.109306,3982700
2014-08-05,104.82,105.720001,104.480003,105.019997,97.08157299999999,5579300
2014-08-06,104.25,104.550003,103.139999,103.790001,95.94455,5408700
2014-08-07,104.389999,104.57,103.739998,104.220001,96.342056,4155700
2014-08-08,104.66999799999999,105.980003,104.120003,105.959999,97.95051600000001,4479800
2014-08-11,106.57,106.849998,105.68,105.720001,97.72865300000001,3262600
2014-08-12,105.349998,105.800003,104.769997,104.910004,96.979897,4352900
2014-08-13,104.779999,105.769997,104.779999,105.559998,98.132645,3487700
2014-08-14,105.550003,106.050003,105.5,105.769997,98.32785799999999,2327200
2014-08-15,106.309998,106.360001,104.940002,105.629997,98.197701,3106700
2014-08-18,106.660004,108.120003,106.480003,108.089996,100.484619,5036900
2014-08-19,108.18,108.58000200000001,107.690002,108.559998,100.921547,3961600
2014-08-20,108.599998,109.870003,108.559998,109.709999,101.990646,4502200
2014-08-21,110.0,110.220001,109.5,110.059998,102.31600999999999,2847600
2014-08-22,109.790001,109.940002,109.239998,109.389999,101.693161,2364900
2014-08-25,109.68,110.150002,109.68,109.82,102.092903,1732800
2014-08-26,109.900002,110.16999799999999,109.639999,109.68,101.962761,2022500
2014-08-27,110.199997,110.339996,108.870003,109.089996,101.414253,2548100
2014-08-28,108.800003,109.230003,108.279999,109.110001,101.432869,2124200
2014-08-29,109.110001,109.349998,107.709999,107.980003,100.38237,4717300
2014-09-02,108.260002,109.07,107.720001,109.040001,101.367783,4142800
2014-09-03,109.989998,110.0,108.82,109.199997,101.516541,2629700
2014-09-04,109.489998,109.650002,109.059998,109.220001,101.53511800000001,2856600
2014-09-05,109.510002,109.510002,108.379997,108.699997,101.051704,2793100
2014-09-08,108.900002,108.940002,108.480003,108.599998,100.95875500000001,3785400
2014-09-09,108.760002,108.980003,108.410004,108.66999799999999,101.02381899999999,2114600
2014-09-10,108.66999799999999,109.220001,108.089996,108.5,100.865776,2364600
2014-09-11,108.279999,108.730003,108.050003,108.510002,100.875076,2270600
2014-09-12,108.209999,108.639999,107.949997,108.349998,100.726326,2920400
2014-09-15,108.279999,108.470001,107.75,108.32,100.698441,2515000
2014-09-16,107.83000200000001,108.860001,107.290001,108.540001,100.902962,3089800
2014-09-17,108.660004,108.949997,107.620003,108.029999,100.428848,4109000
2014-09-18,107.410004,108.660004,107.410004,108.519997,100.884361,3439700
2014-09-19,109.099998,109.199997,108.160004,108.449997,100.819298,5947500
2014-09-22,108.029999,108.459999,106.370003,106.470001,98.978615,4142300
2014-09-23,106.480003,106.480003,105.040001,105.41999799999999,98.002495,3839100
2014-09-24,105.629997,106.25,105.139999,106.07,98.60675,3826800
2014-09-25,106.0,106.059998,104.300003,104.489998,97.137924,3936200
2014-09-26,104.25,105.379997,104.25,105.239998,97.83515200000001,4076400
2014-09-29,104.400002,105.489998,104.269997,105.08000200000001,97.686417,2896800
2014-09-30,105.540001,106.209999,105.07,105.599998,98.16983,5014100
2014-10-01,105.199997,105.25,103.440002,103.839996,96.53364599999999,5864700
2014-10-02,103.709999,103.970001,102.449997,103.239998,95.975876,4034300
2014-10-03,103.910004,104.58000200000001,103.599998,104.41999799999999,97.072861,3044800
2014-10-06,105.059998,105.540001,103.75,104.220001,96.886925,2981900
2014-10-07,103.839996,103.989998,101.379997,101.41999799999999,94.28394300000001,5991500
2014-10-08,101.699997,102.699997,100.690002,102.629997,95.408798,6249400
2014-10-09,102.25,102.709999,99.83000200000001,99.940002,92.908073,6739600
2014-10-10,99.989998,100.769997,99.25,99.940002,92.908073,6678100
2014-10-13,100.050003,100.959999,99.220001,99.309998,92.322395,5111200
2014-10-14,99.709999,101.110001,99.58000200000001,100.120003,93.075401,4573000
2014-10-15,99.059998,99.589996,97.300003,99.16999799999999,92.19225300000001,7105000
2014-10-16,98.160004,100.089996,97.949997,99.230003,92.24805500000001,6099100
2014-10-17,100.300003,101.980003,100.239998,101.529999,94.3862,7282000
2014-10-20,101.41999799999999,101.769997,100.970001,101.480003,94.339729,6394300
2014-10-21,104.120003,104.150002,100.68,101.980003,94.80454300000001,12554100
2014-10-22,103.110001,103.110001,101.059998,101.18,94.060829,6181400
2014-10-23,102.870003,103.940002,102.459999,103.18,95.920113,5691500
2014-10-24,103.160004,103.870003,102.800003,103.82,96.51505999999999,3657900
2014-10-27,103.790001,104.300003,103.489998,104.190002,96.859047,2957500
2014-10-28,104.959999,106.519997,104.860001,106.269997,98.792694,4173500
2014-10-29,106.720001,107.269997,105.41999799999999,105.849998,98.402237,4060700
2014-10-30,105.209999,106.589996,104.699997,106.339996,98.85775,2890500
2014-10-31,107.83000200000001,107.949997,106.980003,107.0,99.471321,4461100
2014-11-03,107.41999799999999,107.5,106.029999,106.300003,98.820595,4587600
2014-11-04,107.0,107.290001,106.33000200000001,106.879997,99.359749,3992400
2014-11-05,107.550003,108.440002,107.08000200000001,107.93,100.335876,6698900
2014-11-06,107.900002,108.83000200000001,107.779999,108.58000200000001,100.94014,3581300
2014-11-07,108.489998,109.08000200000001,107.949997,109.08000200000001,101.404976,3253500
2014-11-10,109.050003,109.230003,108.66999799999999,109.0,101.330605,3523700
2014-11-11,109.0,109.150002,108.029999,108.260002,100.64265400000001,2949500
2014-11-12,107.66999799999999,108.260002,107.360001,108.139999,101.082001,3182600
2014-11-13,108.32,108.970001,107.970001,108.139999,101.082001,4211700
2014-11-14,107.91999799999999,108.41999799999999,107.389999,107.449997,100.43701899999999,2935500
2014-11-17,107.209999,107.730003,107.150002,107.370003,100.36224399999999,2394500
2014-11-18,107.699997,109.089996,107.290001,108.800003,101.698914,2679300
2014-11-19,108.550003,108.82,108.209999,108.660004,101.56804699999999,2271200
2014-11-20,108.0,108.860001,107.870003,108.82,101.717606,2195700
2014-11-21,110.16999799999999,110.610001,109.970001,110.300003,103.10100600000001,3572100
2014-11-24,108.959999,111.699997,108.410004,108.790001,101.68956800000001,9706600
2014-11-25,110.089996,112.260002,109.699997,111.709999,104.418991,8103400
2014-11-26,111.790001,111.989998,109.839996,110.160004,102.970169,5268800
2014-11-28,110.639999,110.800003,109.91999799999999,110.08000200000001,102.89537800000001,2121500
2014-12-01,109.059998,110.279999,108.699997,109.690002,102.530807,3458800
2014-12-02,109.83000200000001,110.730003,109.489998,109.68,102.521484,2753700
2014-12-03,109.900002,111.41999799999999,109.58000200000001,110.989998,103.745995,3411400
2014-12-04,110.470001,111.220001,109.949997,111.209999,103.951614,4602600
2014-12-05,111.480003,111.650002,110.440002,111.290001,104.026398,3021700
2014-12-08,112.25,114.550003,111.519997,113.050003,105.67153200000001,6350200
2014-12-09,112.230003,115.0,111.559998,114.989998,107.48490100000001,5888700
2014-12-10,114.5,115.029999,113.349998,113.5,106.092148,7863500
2014-12-11,114.099998,114.860001,113.260002,114.040001,106.59690900000001,5286100
2014-12-12,110.540001,113.660004,110.099998,112.150002,104.830269,5867300
2014-12-15,112.660004,113.449997,111.620003,111.910004,104.60592700000001,4597400
2014-12-16,112.230003,114.699997,111.33000200000001,113.230003,105.839775,5139300
2014-12-17,113.510002,114.339996,111.82,113.900002,106.466049,5023600
2014-12-18,115.150002,116.959999,114.5,116.959999,109.32633200000001,4740000
2014-12-19,116.279999,117.190002,115.379997,115.589996,108.045731,7871600
2014-12-22,115.279999,117.199997,115.279999,117.139999,109.494576,3058100
2014-12-23,117.5,118.019997,116.91999799999999,117.209999,109.560005,2715900
2014-12-24,117.660004,117.93,116.870003,116.910004,109.279602,1017900
2014-12-26,117.519997,117.800003,117.099998,117.239998,109.58805100000001,1596700
2014-12-29,116.349998,117.339996,116.349998,116.860001,109.23285700000001,2490700
2014-12-30,116.889999,116.889999,115.93,116.199997,108.61592900000001,2178000
2014-12-31,116.599998,116.900002,114.959999,115.0,107.49426299999999,2363500
2015-01-02,115.139999,115.639999,113.800003,115.040001,107.53163899999998,3140100
2015-01-05,114.550003,115.459999,112.839996,113.120003,105.736954,4765300
2015-01-06,112.269997,113.040001,110.230003,111.519997,104.24137900000001,5772300
2015-01-07,112.349998,113.339996,112.019997,112.730003,105.37240600000001,3102200
2015-01-08,113.91999799999999,115.0,113.300003,114.650002,107.16709099999999,3899900
2015-01-09,114.93,115.129997,113.379997,114.019997,106.57820900000002,3816100
2015-01-12,114.459999,114.75,113.019997,114.449997,106.980148,5016200
2015-01-13,115.529999,116.839996,113.5,114.339996,106.877319,4196400
2015-01-14,113.16999799999999,114.16999799999999,112.620003,113.519997,106.11084699999999,3508800
2015-01-15,113.519997,114.690002,113.059998,113.519997,106.11084699999999,3170600
2015-01-16,113.190002,116.339996,113.160004,116.150002,108.56918300000001,5773200
2015-01-20,116.58000200000001,117.730003,115.900002,117.529999,109.859131,5165600
2015-01-21,117.360001,119.300003,117.199997,119.029999,111.26123799999999,7177600
2015-01-22,119.760002,120.68,118.760002,120.449997,112.58854699999999,6562900
2015-01-23,120.370003,120.949997,119.93,119.980003,112.149231,4288600
2015-01-26,119.83000200000001,119.91999799999999,118.279999,118.75,110.999504,5693900
2015-01-27,116.5,120.360001,115.010002,119.160004,111.38274399999999,7328100
2015-01-28,119.379997,119.379997,116.790001,116.91999799999999,109.28894,4341100
2015-01-29,116.879997,117.029999,114.470001,116.449997,108.849625,6328600
2015-01-30,115.019997,116.230003,114.629997,114.779999,107.28862,4623100
2015-02-02,115.16999799999999,116.699997,114.050003,116.58000200000001,108.97113799999998,3516900
2015-02-03,117.58000200000001,119.519997,116.41999799999999,118.889999,111.13036299999999,4453600
2015-02-04,118.75,119.0,117.449997,117.790001,110.10216499999999,3208400
2015-02-05,118.260002,120.360001,117.91999799999999,120.110001,112.270752,4687300
2015-02-06,120.0,121.019997,119.379997,119.809998,111.990311,2795900
2015-02-09,119.440002,119.940002,118.910004,119.32,111.53229499999999,2560700
2015-02-10,119.889999,120.220001,118.91999799999999,119.400002,111.60708600000001,2560000
2015-02-11,118.510002,119.059998,117.970001,118.690002,111.541306,2707600
2015-02-12,119.16999799999999,119.959999,118.82,119.589996,112.387077,2897000
2015-02-13,119.339996,121.379997,119.339996,121.25,113.94710500000001,3802100
2015-02-17,121.0,121.900002,120.57,121.32,114.01289399999999,3241200
2015-02-18,121.32,122.660004,121.010002,121.989998,114.642532,3458100
2015-02-19,121.58000200000001,123.0,121.58000200000001,122.910004,115.507126,3407000
2015-02-20,122.989998,124.449997,122.0,124.110001,116.63484199999999,4062200
2015-02-23,123.629997,124.160004,123.07,123.720001,116.26833300000001,2737300
2015-02-24,123.41999799999999,124.139999,122.989998,123.790001,116.33411399999999,2444600
2015-02-25,123.849998,124.33000200000001,122.949997,123.370003,115.93943,2872900
2015-02-26,123.32,123.550003,122.150002,122.66999799999999,115.28157,2498200
2015-02-27,122.550003,122.849998,121.790001,121.910004,114.56736000000001,3085300
2015-03-02,121.910004,123.5,121.550003,123.190002,115.770248,2325900
2015-03-03,121.980003,122.889999,121.110001,121.699997,114.370003,3187500
2015-03-04,121.25,121.389999,120.519997,121.040001,113.749756,2106700
2015-03-05,121.290001,121.489998,120.349998,120.790001,113.514816,1928300
2015-03-06,119.400002,120.360001,118.879997,119.43,112.236725,3663100
2015-03-09,119.290001,122.190002,119.290001,121.75,114.41698500000001,4127100
2015-03-10,120.550003,120.980003,117.339996,117.400002,110.329002,5580300
2015-03-11,117.779999,118.910004,117.370003,118.339996,111.212372,3747900
2015-03-12,120.349998,121.470001,120.279999,121.239998,113.937706,4907800
2015-03-13,120.760002,121.599998,117.699997,118.739998,111.58828000000001,7361500
2015-03-16,119.25,120.160004,119.029999,120.07,112.838173,4674700
2015-03-17,119.519997,120.129997,118.75,119.860001,112.640823,3822800
2015-03-18,119.279999,120.599998,117.25,120.309998,113.063728,5280200
2015-03-19,120.040001,120.309998,119.040001,119.379997,112.18972,2880800
2015-03-20,119.809998,120.400002,119.459999,119.459999,112.264923,8207000
2015-03-23,119.459999,119.690002,118.190002,118.68,111.53189099999999,4482100
2015-03-24,119.040001,120.18,118.25,118.91999799999999,111.757446,4033800
2015-03-25,119.199997,119.339996,116.389999,116.459999,109.44561000000002,4456500
2015-03-26,115.959999,116.620003,115.019997,116.040001,109.05091100000001,4389700
2015-03-27,116.139999,117.199997,116.050003,116.900002,109.859108,2786300
2015-03-30,117.68,119.230003,117.400002,118.83000200000001,111.672867,3000800
2015-03-31,117.66999799999999,118.150002,117.150002,117.199997,110.14103700000001,3525400
2015-04-01,117.370003,117.480003,115.360001,115.91999799999999,108.938126,3400400
2015-04-02,116.589996,117.68,115.989998,117.129997,110.07526399999999,4227300
2015-04-06,115.93,118.709999,115.93,117.860001,110.761284,2857300
2015-04-07,117.760002,118.550003,117.449997,117.489998,110.41356699999999,2269100
2015-04-08,117.709999,118.650002,117.059998,117.839996,110.74248500000002,2484100
2015-04-09,117.699997,118.739998,117.18,117.879997,110.78008999999999,2088400
2015-04-10,118.139999,118.940002,117.43,118.459999,111.325142,2254700
2015-04-13,117.970001,118.620003,117.239998,117.410004,110.33838700000001,3030400
2015-04-14,117.050003,118.110001,116.58000200000001,117.690002,110.60153999999999,2602100
2015-04-15,118.08000200000001,118.779999,117.519997,117.870003,110.770683,2774300
2015-04-16,117.349998,118.309998,116.91999799999999,117.480003,110.40416699999999,2905100
2015-04-17,116.309998,116.519997,114.860001,115.110001,108.176926,4318500
2015-04-20,116.019997,117.16999799999999,115.889999,116.510002,109.49258400000001,4000900
2015-04-21,118.730003,119.0,116.110001,116.949997,109.90608999999999,4585000
2015-04-22,116.989998,117.43,115.730003,116.959999,109.915489,2792900
2015-04-23,116.41999799999999,117.910004,116.029999,117.260002,110.19741100000002,2632800
2015-04-24,117.440002,117.699997,116.059998,116.160004,109.163673,3523100
2015-04-27,116.660004,116.870003,115.699997,115.739998,108.76896699999999,3920300
2015-04-28,115.199997,116.239998,114.949997,116.08000200000001,109.088493,2746700
2015-04-29,115.58000200000001,116.230003,115.16999799999999,115.379997,108.430641,2893800
2015-04-30,114.93,115.629997,113.290001,113.75,106.89884199999999,3899200
2015-05-01,114.589996,115.720001,114.510002,115.440002,108.487045,2781700
2015-05-04,115.779999,117.139999,115.699997,116.449997,109.436203,3925300
2015-05-05,116.010002,116.879997,114.709999,115.07,108.139328,3028200
2015-05-06,116.559998,116.559998,114.269997,115.08000200000001,108.14872,3690300
2015-05-07,115.129997,116.559998,114.589996,116.040001,109.05091100000001,3155700
2015-05-08,117.709999,118.849998,117.309998,118.43,111.296951,3707800
2015-05-11,117.440002,118.489998,117.440002,117.699997,110.610909,3023800
2015-05-12,117.050003,117.83000200000001,116.019997,117.360001,110.291397,2804100
2015-05-13,116.970001,118.0,116.860001,117.370003,110.90560900000001,3038700
2015-05-14,117.82,119.370003,117.82,119.139999,112.57811000000001,2728800
2015-05-15,119.08000200000001,119.389999,117.91999799999999,118.489998,111.96391299999999,2964700
2015-05-18,118.529999,119.120003,118.400002,118.510002,111.98281899999999,2433600
2015-05-19,118.599998,119.449997,118.510002,119.07,112.511971,2808400
2015-05-20,119.660004,119.660004,118.599998,118.870003,112.32298300000001,2431600
2015-05-21,118.809998,119.660004,118.699997,119.120003,112.55921200000002,2121200
2015-05-22,119.0,119.660004,118.550003,118.620003,112.086754,2389600
2015-05-26,118.550003,118.620003,116.410004,116.870003,110.433136,3434600
2015-05-27,117.400002,117.879997,116.68,117.639999,111.16073600000001,3365100
2015-05-28,117.269997,118.0,117.269997,117.690002,111.207977,2903600
2015-05-29,117.510002,117.610001,116.43,117.16999799999999,110.71661399999999,4933500
2015-06-01,117.230003,117.629997,116.459999,117.0,110.555977,2341600
2015-06-02,116.730003,118.050003,116.239998,117.339996,110.87724299999999,3503300
2015-06-03,118.029999,119.120003,117.400002,118.510002,111.98281899999999,3129900
2015-06-04,117.83000200000001,118.41999799999999,116.790001,117.139999,110.688255,3581600
2015-06-05,116.589996,117.379997,116.18,117.0,110.555977,2667400
2015-06-08,116.540001,117.360001,116.110001,116.18,109.781151,3209400
2015-06-09,116.510002,117.25,116.019997,116.300003,109.894516,2499500
2015-06-10,117.5,118.0,116.910004,117.5,111.028442,3145800
2015-06-11,117.989998,118.400002,117.43,118.32,111.803276,2707500
2015-06-12,117.459999,118.029999,117.019997,117.599998,111.122925,2345300
2015-06-15,115.209999,115.529999,114.400002,114.610001,108.297623,5972900
2015-06-16,114.510002,115.379997,114.32,114.940002,108.60942800000001,4936200
2015-06-17,115.279999,115.480003,113.980003,115.07,108.73226899999999,3799400
2015-06-18,114.290001,116.559998,114.290001,115.900002,109.51656299999999,3753600
2015-06-19,115.599998,116.150002,114.889999,114.889999,108.56219499999999,4210200
2015-06-22,115.400002,115.779999,114.959999,115.279999,108.93071,2971100
2015-06-23,115.16999799999999,115.519997,114.91999799999999,115.230003,108.88346100000001,3632800
2015-06-24,114.699997,114.83000200000001,113.82,113.970001,107.692856,4271200
2015-06-25,114.239998,114.650002,113.300003,113.300003,107.05976100000001,3786200
2015-06-26,113.470001,113.989998,113.050003,113.519997,107.267647,3667700
2015-06-29,112.739998,113.029999,111.449997,111.529999,105.387245,4160400
2015-06-30,112.239998,112.480003,110.620003,110.93,104.820297,5909800
2015-07-01,112.029999,112.16999799999999,110.139999,110.82,104.716347,4126800
2015-07-02,111.33000200000001,111.589996,109.220001,109.559998,103.52574200000001,5159500
2015-07-06,108.360001,109.809998,107.949997,109.360001,103.33676899999999,4195100
2015-07-07,109.540001,110.220001,108.050003,110.089996,104.02655,4732100
2015-07-08,108.760002,109.720001,108.260002,108.66999799999999,102.68476899999999,3806300
2015-07-09,110.0,110.440002,108.91999799999999,108.91999799999999,102.92100500000001,2555000
2015-07-10,110.379997,111.279999,109.510002,110.18,104.111595,4309600
2015-07-13,111.190002,111.980003,110.75,111.58000200000001,105.434494,3892900
2015-07-14,111.5,111.639999,111.019997,111.510002,105.36835500000001,2987500
2015-07-15,111.5,111.83000200000001,110.809998,111.25,105.12267299999999,2844500
2015-07-16,112.32,112.360001,111.040001,111.260002,105.13211799999999,3063800
2015-07-17,111.260002,111.470001,110.599998,110.739998,104.64076999999999,3465100
2015-07-20,110.970001,111.010002,109.510002,110.480003,104.395081,7487000
2015-07-21,104.349998,104.949997,101.779999,102.709999,97.053024,19540100
2015-07-22,102.260002,102.5,100.889999,101.550003,95.956917,9433700
2015-07-23,102.18,102.190002,100.739998,101.139999,95.569489,5925700
2015-07-24,101.0,101.190002,99.260002,99.309998,93.84027900000001,6588000
2015-07-27,98.779999,99.540001,98.379997,98.870003,93.42453,7560400
2015-07-28,99.029999,99.279999,98.019997,98.970001,93.519012,5583000
2015-07-29,99.089996,99.58000200000001,97.589996,99.360001,93.88754300000001,11935800
2015-07-30,99.379997,101.290001,99.0,100.730003,95.182091,6739100
2015-07-31,100.91999799999999,101.489998,100.25,100.309998,94.785217,7217200
2015-08-03,100.309998,100.309998,98.18,99.41999799999999,93.944221,7123700
2015-08-04,100.029999,100.120003,98.910004,99.029999,93.575714,5557600
2015-08-05,99.970001,100.129997,98.730003,98.870003,93.42453,3895600
2015-08-06,98.989998,99.209999,98.360001,98.980003,93.528458,4198400
2015-08-07,98.720001,98.989998,98.0,98.290001,92.876465,2897100
2015-08-10,98.849998,99.790001,98.849998,99.550003,94.06707800000001,6068400
2015-08-11,98.68,98.889999,98.0,98.610001,93.17885600000001,7317900
2015-08-12,97.25,98.839996,96.650002,98.690002,93.86364,4618800
2015-08-13,98.540001,99.0,98.059998,98.379997,93.568794,4689900
2015-08-14,98.110001,98.879997,97.989998,98.699997,93.873138,4413300
2015-08-17,98.129997,99.43,97.610001,99.360001,94.50086999999999,4228400
2015-08-18,98.959999,100.019997,98.959999,99.410004,94.548424,4730400
2015-08-19,98.699997,99.370003,97.870003,98.209999,93.407112,3619800
2015-08-20,97.5,98.150002,95.82,95.82,91.133995,6084000
2015-08-21,94.959999,95.220001,92.91999799999999,93.010002,88.461411,7624400
2015-08-24,88.66999799999999,93.190002,87.16999799999999,90.870003,86.426056,10994900
2015-08-25,93.360001,93.75,88.690002,88.800003,84.457298,8283500
2015-08-26,90.690002,91.690002,88.809998,91.559998,87.082314,7380300
2015-08-27,92.519997,93.480003,91.550003,93.269997,88.708694,7473800
2015-08-28,92.849998,93.550003,92.66999799999999,93.239998,88.680153,5230200
2015-08-31,91.209999,92.620003,90.540001,91.610001,87.129875,7004500
2015-09-01,89.489998,90.68,89.279999,89.720001,85.332314,6786600
2015-09-02,90.940002,91.260002,89.970001,91.239998,86.777985,5642000
2015-09-03,92.0,92.58000200000001,91.639999,91.910004,87.415215,4534600
2015-09-04,90.82,91.150002,90.360001,90.68,86.245369,4562800
2015-09-08,92.150002,92.959999,91.949997,92.82,88.28070100000001,4814800
2015-09-09,93.650002,93.839996,91.739998,91.849998,87.35813900000001,4760700
2015-09-10,92.040001,92.089996,90.889999,91.400002,86.930153,6120700
2015-09-11,91.199997,92.339996,91.0,92.33000200000001,87.814667,4490200
2015-09-14,92.300003,92.440002,91.389999,91.83000200000001,87.339119,3279200
2015-09-15,92.620003,93.110001,92.08000200000001,92.68,88.147552,4104000
2015-09-16,92.720001,94.110001,92.68,93.940002,89.34594,3504200
2015-09-17,93.889999,94.91999799999999,93.139999,93.309998,88.746735,5205800
2015-09-18,92.410004,92.599998,90.529999,91.07,86.616295,10335600
2015-09-21,91.33000200000001,92.16999799999999,91.0,91.550003,87.072807,2981200
2015-09-22,88.980003,89.699997,87.660004,88.199997,83.88664200000001,7911700
2015-09-23,88.150002,88.379997,85.900002,86.959999,82.707275,7324200
2015-09-24,85.75,86.989998,85.5,86.82,82.574127,7126800
2015-09-25,87.629997,88.16999799999999,86.730003,87.300003,83.03065500000001,7447600
2015-09-28,86.599998,87.470001,86.290001,86.83000200000001,82.583649,5343700
2015-09-29,86.58000200000001,88.08000200000001,86.459999,87.980003,83.677406,4117600
2015-09-30,88.639999,89.57,88.08000200000001,88.989998,84.63799300000001,5051600
2015-10-01,88.900002,89.43,87.529999,88.360001,84.038818,3668600
2015-10-02,87.489998,89.889999,86.82,89.769997,85.37986,4624200
2015-10-05,90.440002,92.480003,90.220001,92.260002,87.74809300000001,4912500
2015-10-06,92.150002,92.849998,92.010002,92.550003,88.023911,3386600
2015-10-07,94.0,94.160004,92.57,93.510002,88.93695799999999,3516100
2015-10-08,92.860001,94.389999,92.839996,94.33000200000001,89.71686600000001,4051800
2015-10-09,94.66999799999999,95.940002,94.510002,95.370003,90.70599399999999,4099900
2015-10-12,94.940002,95.470001,94.610001,95.43,90.76306899999999,3194900
2015-10-13,94.16999799999999,94.75,93.639999,94.279999,89.669304,4079300
2015-10-14,94.269997,94.860001,91.760002,92.16999799999999,87.662498,5608300
2015-10-15,92.709999,93.230003,92.150002,93.18,88.6231,3829800
2015-10-16,94.0,94.150002,92.629997,93.0,88.451904,3148400
2015-10-19,92.5,92.849998,91.209999,92.050003,87.548363,5513800
2015-10-20,94.33000200000001,97.690002,93.08000200000001,95.620003,90.943771,8885200
2015-10-21,96.239998,98.68,96.019997,97.970001,93.17885600000001,10498900
2015-10-22,98.290001,100.230003,98.099998,99.790001,94.90984300000001,5722400
2015-10-23,100.459999,100.900002,100.18,100.620003,95.69925699999999,5032900
2015-10-26,100.620003,100.980003,100.0,100.230003,95.328323,2701000
2015-10-27,99.800003,99.970001,98.709999,98.879997,94.044342,3396500
2015-10-28,99.370003,99.519997,98.16999799999999,99.32,94.46283000000001,3829900
2015-10-29,99.239998,99.610001,98.239998,99.050003,94.206032,3287300
2015-10-30,99.029999,99.18,98.260002,98.410004,93.597336,4010900
2015-11-02,98.82,99.58000200000001,98.349998,99.389999,94.529411,3067500
2015-11-03,99.379997,100.339996,98.800003,100.0,95.109573,3090000
2015-11-04,100.41999799999999,101.040001,100.0,100.33000200000001,95.42343100000001,2847000
2015-11-05,100.43,100.989998,99.720001,100.800003,95.87044499999999,2832400
2015-11-06,100.040001,100.800003,99.290001,100.800003,95.87044499999999,2735100
2015-11-09,100.599998,100.839996,99.209999,99.660004,94.786201,3164700
2015-11-10,98.83000200000001,99.41999799999999,97.949997,98.68,94.460732,2738500
2015-11-11,99.040001,99.400002,98.07,98.260002,94.058693,2165900
2015-11-12,97.260002,99.730003,96.879997,99.220001,94.977646,8808200
2015-11-13,98.720001,99.639999,96.389999,96.480003,92.35481300000001,6218900
2015-11-16,96.559998,97.860001,96.379997,97.83000200000001,93.647087,5098700
2015-11-17,98.16999799999999,98.300003,97.400002,97.550003,93.379044,4528800
2015-11-18,97.629997,97.860001,96.839996,97.709999,93.53220400000001,4202000
2015-11-19,97.970001,98.889999,97.83000200000001,98.300003,94.096985,4366600
2015-11-20,98.639999,99.550003,98.139999,98.220001,94.020409,4898200
2015-11-23,98.18,98.58000200000001,97.889999,98.089996,93.89595,4177100
2015-11-24,97.57,97.879997,96.459999,97.360001,93.197174,5344100
2015-11-25,97.410004,98.050003,97.25,97.269997,93.111023,4336400
2015-11-27,97.010002,97.16999799999999,96.540001,96.800003,92.661118,1919700
2015-11-30,97.059998,97.25,95.940002,96.050003,91.943184,5561000
2015-12-01,96.040001,97.449997,96.019997,96.699997,92.565384,4595500
2015-12-02,96.459999,96.83000200000001,95.129997,95.25,91.177391,3892500
2015-12-03,95.300003,95.800003,94.400002,94.699997,90.650902,6082000
2015-12-04,94.989998,96.629997,94.790001,95.730003,91.636871,9228900
2015-12-07,95.620003,96.25,95.370003,95.910004,91.809174,4681200
2015-12-08,94.980003,95.32,93.900002,94.230003,90.201004,7011800
2015-12-09,93.58000200000001,95.58000200000001,93.209999,94.160004,90.133987,6911400
2015-12-10,94.07,94.66999799999999,91.629997,93.870003,89.8564,5750000
2015-12-11,93.010002,94.629997,92.93,93.300003,89.31076,9942600
2015-12-14,93.300003,93.57,92.199997,93.029999,89.052307,6711400
2015-12-15,93.68,94.660004,93.230003,93.260002,89.272469,6618000
2015-12-16,93.970001,95.43,93.440002,95.129997,91.062515,9868300
2015-12-17,95.129997,95.730003,93.839996,93.870003,89.8564,4802300
2015-12-18,93.309998,94.33000200000001,92.339996,92.339996,88.3918,8665800
2015-12-21,93.019997,93.889999,92.690002,93.610001,89.607513,8708800
2015-12-22,94.309998,95.410004,94.0,94.870003,90.813637,4609100
2015-12-23,95.5,96.599998,95.43,96.300003,92.18249499999999,4677200
2015-12-24,95.889999,96.519997,95.870003,96.300003,92.18249499999999,1382700
2015-12-28,95.980003,96.309998,95.699997,96.089996,91.981476,3606800
2015-12-29,96.66999799999999,97.769997,96.349998,97.269997,93.111023,3291400
2015-12-30,96.91999799999999,97.5,96.519997,96.900002,92.756844,3161600
2015-12-31,96.410004,96.68,95.709999,96.07,91.962326,2951000
2016-01-04,94.449997,95.639999,93.959999,95.57,91.483711,5382200
2016-01-05,95.139999,96.0,94.800003,95.720001,91.627289,4253100
2016-01-06,93.900002,94.639999,92.540001,93.120003,89.138458,8300600
2016-01-07,91.470001,93.349998,91.43,91.900002,87.970619,6984800
2016-01-08,91.57,91.879997,90.220001,90.400002,86.534767,7501300
2016-01-11,91.089996,91.400002,89.91999799999999,90.5,86.630478,7185200
2016-01-12,90.989998,91.150002,89.66999799999999,90.5,86.630478,7697300
2016-01-13,90.66999799999999,90.66999799999999,88.410004,88.83000200000001,85.031883,8588800
2016-01-14,89.08000200000001,89.58000200000001,87.860001,89.010002,85.204193,7395900
2016-01-15,86.989998,88.059998,85.470001,85.629997,81.968704,10485600
2016-01-19,86.349998,86.349998,84.470001,85.239998,81.59539000000001,7470000
2016-01-20,84.440002,85.58000200000001,83.389999,84.83000200000001,81.202919,9601200
2016-01-21,84.83000200000001,86.790001,84.540001,85.57,81.911278,5742900
2016-01-22,86.949997,87.379997,85.879997,86.349998,82.657921,4647400
2016-01-25,85.980003,86.150002,84.690002,84.900002,81.26992800000001,10444000
2016-01-26,85.290001,86.470001,85.209999,85.650002,81.987854,7388400
2016-01-27,85.699997,87.57,84.75,85.809998,82.141014,8083900
2016-01-28,86.300003,87.199997,85.91999799999999,86.449997,82.753639,5757200
2016-01-29,86.870003,87.690002,86.760002,87.690002,83.940636,7887500
2016-02-01,87.059998,87.839996,86.449997,87.559998,83.816193,5036900
2016-02-02,86.16999799999999,86.730003,85.08000200000001,85.41999799999999,81.767685,7397700
2016-02-03,85.989998,86.370003,84.290001,85.959999,82.284607,8305500
2016-02-04,86.089996,88.709999,86.029999,88.120003,84.352242,5853400
2016-02-05,88.040001,88.510002,87.440002,87.839996,84.084221,5216800
2016-02-08,87.339996,87.400002,85.82,86.779999,83.06953399999999,6858400
2016-02-09,86.260002,87.769997,85.93,87.239998,83.509865,7190300
2016-02-10,87.360001,88.449997,86.739998,86.959999,83.24185200000001,3618800
2016-02-11,85.389999,86.550003,83.849998,84.660004,81.040184,7711800
2016-02-12,84.989998,86.129997,84.900002,85.949997,82.275017,5886300
2016-02-16,87.339996,87.5,85.559998,86.480003,82.782379,6960400
2016-02-17,86.709999,88.489998,86.639999,88.120003,84.981155,5141100
2016-02-18,88.550003,89.040001,88.160004,88.360001,85.21260799999999,4997700
2016-02-19,88.349998,88.989998,87.41999799999999,88.230003,85.087242,11817500
2016-02-22,89.190002,94.910004,88.870003,92.370003,89.07976500000001,21828300
2016-02-23,92.230003,92.43,90.489998,91.599998,88.33719599999999,11567700
2016-02-24,91.110001,94.150002,91.110001,93.610001,90.275604,16993300
2016-02-25,93.910004,98.730003,93.68,98.07,94.576736,16832200
2016-02-26,100.209999,100.550003,96.5,97.690002,94.210274,14654800
2016-02-29,97.43,98.870003,96.510002,96.620003,93.178391,8854200
2016-03-01,92.220001,95.050003,92.07,95.050003,91.664307,12353900
2016-03-02,94.760002,96.0,94.400002,95.529999,92.127213,5447300
2016-03-03,95.199997,96.150002,95.07,96.110001,92.68656899999999,4590100
2016-03-04,96.16999799999999,97.300003,95.779999,97.0,93.54484599999999,4674100
2016-03-07,96.550003,97.459999,96.050003,96.91999799999999,93.46769,6307600
2016-03-08,96.139999,97.489998,96.129997,96.900002,93.44841,5354100
2016-03-09,97.32,97.480003,96.400002,96.599998,93.15909599999999,4158900
2016-03-10,96.599998,97.120003,95.050003,96.18,92.754059,4798300
2016-03-11,97.18,97.650002,96.470001,96.75,93.30375699999999,4031100
2016-03-14,96.300003,97.370003,96.290001,96.83000200000001,93.380913,3974500
2016-03-15,96.059998,96.699997,95.879997,96.290001,92.860138,2750100
2016-03-16,96.199997,98.0,96.0,97.489998,94.017395,4598300
2016-03-17,97.82,99.269997,97.389999,98.839996,95.319305,4166100
2016-03-18,99.209999,100.290001,98.82,99.050003,95.521843,9506900
2016-03-21,99.08000200000001,99.599998,98.790001,99.16999799999999,95.63754300000001,3996700
2016-03-22,98.68,99.269997,98.309998,98.660004,95.145721,3510400
2016-03-23,98.769997,99.470001,98.279999,99.110001,95.579697,3235300
2016-03-24,98.150002,99.08000200000001,98.0,99.059998,95.531471,2847000
2016-03-28,98.959999,99.290001,98.650002,98.910004,95.386818,2279700
2016-03-29,98.410004,100.32,98.08000200000001,100.120003,96.553719,3730000
2016-03-30,100.82,101.0,99.900002,100.25,96.679077,3010700
2016-03-31,100.08000200000001,100.41999799999999,98.989998,100.099998,96.534439,3832500
2016-04-01,99.389999,100.459999,98.82,99.970001,96.409058,4038100
2016-04-04,100.300003,101.18,99.800003,100.269997,96.69837199999999,3707400
2016-04-05,99.75,100.349998,99.339996,99.860001,96.302986,3120400
2016-04-06,99.589996,100.540001,98.41999799999999,100.370003,96.79480699999999,5054800
2016-04-07,99.900002,101.410004,99.66999799999999,100.889999,97.296288,3844700
2016-04-08,101.440002,102.349998,100.959999,101.32,97.71096800000001,2755500
2016-04-11,101.58000200000001,102.93,101.110001,102.139999,98.501755,4583500
2016-04-12,102.290001,103.480003,102.290001,103.08000200000001,99.408287,3135500
2016-04-13,103.629997,104.75,103.610001,104.610001,100.883781,3664500
2016-04-14,105.0,105.43,101.25,104.68,100.95129399999999,5215800
2016-04-15,104.470001,105.160004,104.209999,104.57,100.84520699999999,3764700
2016-04-18,104.629997,105.339996,104.029999,105.129997,101.385254,2809100
2016-04-19,105.599998,106.290001,104.510002,105.0,101.259895,3850500
2016-04-20,105.41999799999999,106.110001,105.199997,105.529999,101.771011,3823400
2016-04-21,105.559998,105.959999,105.25,105.43,101.674576,2628400
2016-04-22,105.730003,106.309998,104.93,105.699997,101.93495899999999,3061900
2016-04-25,105.190002,105.199997,104.279999,105.199997,101.452766,2768000
2016-04-26,105.449997,105.769997,103.620003,104.800003,101.067009,5515000
2016-04-27,106.32,107.07,104.879997,105.889999,102.118187,6338700
2016-04-28,105.150002,105.589996,103.690002,104.230003,100.51731099999999,4670400
2016-04-29,103.529999,104.940002,103.529999,104.370003,100.652336,3054000
2016-05-02,103.889999,104.900002,103.540001,104.370003,100.652336,4223600
2016-05-03,103.459999,103.870003,101.870003,102.129997,98.492111,4790600
2016-05-04,101.389999,101.779999,100.230003,100.66999799999999,97.084122,5628300
2016-05-05,101.120003,101.230003,99.910004,100.290001,96.717667,3530300
2016-05-06,100.260002,101.290001,99.809998,101.120003,97.518089,3745500
2016-05-09,100.33000200000001,101.370003,99.980003,100.089996,96.52478,3834200
2016-05-10,100.300003,102.41999799999999,100.199997,102.160004,98.521057,3634800
2016-05-11,102.550003,102.68,101.440002,101.599998,97.980995,2795900
2016-05-12,101.779999,102.279999,101.150002,101.459999,97.845978,2866700
2016-05-13,101.239998,101.720001,99.959999,100.269997,96.69837199999999,3280500
2016-05-16,100.050003,102.08000200000001,100.050003,101.82,98.19315300000001,3469400
2016-05-17,101.660004,101.940002,99.739998,100.059998,96.49585,4191000
2016-05-18,99.449997,100.5,98.790001,99.290001,96.389061,3340400
2016-05-19,98.66999799999999,98.940002,97.940002,98.510002,95.631851,3138900
2016-05-20,99.150002,99.889999,98.66999799999999,99.099998,96.20461999999999,4312100
2016-05-23,98.949997,99.07,98.269997,98.900002,96.010468,2641700
2016-05-24,99.489998,100.360001,99.41999799999999,99.910004,96.99095200000001,2953700
2016-05-25,100.290001,100.940002,100.290001,100.32,97.38896899999999,2354200
2016-05-26,100.440002,101.0,100.290001,100.410004,97.476349,2486900
2016-05-27,100.489998,100.769997,100.089996,100.760002,97.816109,2670300
2016-05-31,100.769997,101.199997,100.349998,100.58000200000001,97.641373,5265700
2016-06-01,100.089996,100.5,98.75,100.349998,97.418091,2806900
2016-06-02,100.25,100.809998,100.07,100.790001,97.84523,2468500
2016-06-03,100.75,100.779999,99.889999,100.43,97.495758,2251500
2016-06-06,100.739998,101.57,100.510002,101.360001,98.39859,3769200
2016-06-07,101.779999,102.400002,101.449997,101.449997,98.485947,2539700
2016-06-08,101.449997,102.120003,101.379997,102.07,99.087837,2566800
2016-06-09,101.57,102.349998,101.489998,102.32,99.330536,3608400
2016-06-10,101.550003,102.389999,101.209999,102.0,99.01989,3601700
2016-06-13,101.980003,102.400002,101.190002,101.209999,98.252975,4494500
2016-06-14,101.209999,101.910004,100.510002,101.190002,98.233559,3705200
2016-06-15,101.5,101.739998,100.540001,100.540001,97.602547,4480000
2016-06-16,100.290001,101.540001,99.349998,101.120003,98.165604,4549900
2016-06-17,100.849998,101.690002,100.33000200000001,101.199997,98.243256,5691900
2016-06-20,102.019997,102.860001,101.660004,101.699997,98.728645,4447900
2016-06-21,101.989998,102.099998,101.400002,101.57,98.602448,3318900
2016-06-22,101.769997,101.970001,101.099998,101.349998,98.38887,2634500
2016-06-23,102.5,102.5,101.730003,102.33000200000001,99.340248,3074800
2016-06-24,99.41999799999999,100.410004,98.760002,98.889999,96.000755,7446400
2016-06-27,98.0,98.209999,96.889999,97.209999,94.369835,6236500
2016-06-28,98.150002,99.120003,97.93,99.029999,96.136658,5583200
2016-06-29,99.980003,100.699997,99.459999,100.470001,97.534584,4737300
2016-06-30,100.870003,102.57,100.57,102.550003,99.553818,5837700
2016-07-01,102.480003,104.190002,102.339996,102.730003,99.728554,6578900
2016-07-05,102.099998,102.339996,100.209999,100.620003,97.68020600000001,4311100
2016-07-06,100.550003,101.489998,99.309998,101.379997,98.417992,5227500
2016-07-07,101.529999,102.139999,101.370003,101.970001,98.99076099999999,3050500
2016-07-08,102.910004,103.739998,102.57,103.660004,100.631393,3502900
2016-07-11,103.660004,104.489998,103.599998,103.959999,100.92261500000001,3317100
2016-07-12,104.230003,105.059998,104.089996,104.5,101.446846,3741400
2016-07-13,105.07,105.209999,104.589996,105.089996,102.01960799999999,2950100
2016-07-14,105.980003,105.989998,104.940002,105.139999,102.068146,3307400
2016-07-15,105.349998,105.650002,104.870003,105.5,102.417625,2836900
2016-07-18,105.480003,105.93,104.879997,105.489998,102.407913,2185300
2016-07-19,104.989998,105.940002,104.889999,105.620003,102.534134,3493900
2016-07-20,105.690002,106.279999,105.559998,106.040001,102.941849,2987400
2016-07-21,106.370003,106.739998,105.610001,105.849998,102.757408,3808900
2016-07-22,104.769997,105.199997,104.5,105.129997,102.05843399999999,3513900
2016-07-25,105.050003,105.199997,104.41999799999999,104.650002,101.59246800000001,3461300
2016-07-26,107.040001,107.959999,106.5,107.889999,104.737801,4414400
2016-07-27,108.059998,108.489998,107.480003,107.690002,104.543648,3986900
2016-07-28,107.690002,107.989998,107.099998,107.58000200000001,104.436867,2806700
2016-07-29,107.5,108.08000200000001,107.190002,107.650002,104.50482199999999,3232600
2016-08-01,107.459999,107.650002,106.5,106.940002,103.815567,3061600
2016-08-02,106.489998,106.730003,105.889999,106.269997,103.165131,2384100
2016-08-03,106.269997,106.519997,106.019997,106.290001,103.184555,2985400
2016-08-04,106.550003,107.07,106.32,106.360001,103.252502,1861900
2016-08-05,106.849998,107.739998,106.68,107.739998,104.592186,2676100
2016-08-08,107.739998,108.339996,107.489998,107.790001,104.640732,3020900
2016-08-09,108.010002,108.400002,107.870003,108.339996,105.17465200000001,2213100
2016-08-10,108.459999,108.5,107.779999,108.120003,104.96108999999998,1658700
2016-08-11,108.5,109.290001,108.459999,109.18,105.99011200000001,1994200
2016-08-12,109.019997,109.18,108.550003,108.870003,105.689163,1808400
2016-08-15,109.16999799999999,109.83000200000001,109.16999799999999,109.690002,106.485207,2044500
2016-08-16,109.209999,109.620003,109.0,109.160004,105.97069499999999,2413700
2016-08-17,108.550003,109.010002,108.199997,108.940002,106.40043600000001,2208000
2016-08-18,109.050003,109.41999799999999,108.849998,109.33000200000001,106.781357,1959800
2016-08-19,109.010002,109.41999799999999,108.900002,109.139999,106.595772,2388800
2016-08-22,108.519997,108.989998,108.139999,108.5,105.97069499999999,2450500
2016-08-23,109.0,109.349998,108.0,108.0,105.48236100000001,3064100
2016-08-24,108.019997,108.32,107.599998,107.959999,105.44328300000001,2444700
2016-08-25,107.75,108.139999,107.410004,107.720001,105.20886999999999,1793600
2016-08-26,107.940002,108.290001,106.940002,107.309998,104.80843399999999,2511100
2016-08-29,107.58000200000001,108.150002,107.43,107.970001,105.453056,1776400
2016-08-30,107.870003,108.120003,107.190002,107.349998,104.847511,2390800
2016-08-31,106.989998,107.190002,106.349998,106.43,103.948944,3349200
2016-09-01,106.739998,106.970001,105.699997,106.720001,104.23219300000001,3231500
2016-09-02,107.190002,107.720001,106.480003,106.93,104.437294,3066700
2016-09-06,107.0,107.489998,105.480003,106.010002,103.538742,3670700
2016-09-07,105.720001,106.290001,105.290001,105.849998,103.382469,2524200
2016-09-08,105.610001,106.160004,105.519997,105.75,103.284798,2790100
2016-09-09,105.0,105.099998,102.66999799999999,102.68,100.286362,4258200
2016-09-12,102.199997,104.349998,101.889999,104.029999,101.604897,3851800
2016-09-13,103.07,103.349998,102.050003,102.32,99.93476899999999,3543300
2016-09-14,102.190002,102.860001,101.440002,101.660004,99.290146,4092200
2016-09-15,101.440002,102.910004,101.260002,102.709999,100.31566600000001,3139900
2016-09-16,102.57,102.57,99.849998,100.099998,97.76651,7724200
2016-09-19,100.5,101.18,100.230003,100.440002,98.098579,3304500
2016-09-20,100.769997,101.5,100.239998,100.239998,97.903252,3110100
2016-09-21,100.650002,102.08000200000001,100.470001,101.959999,99.583153,3144800
2016-09-22,102.730003,103.480003,102.620003,103.0,100.598907,3574600
2016-09-23,102.099998,103.0,101.910004,102.559998,100.169167,2646400
2016-09-26,102.160004,102.959999,101.779999,102.230003,99.846863,3354600
2016-09-27,102.08000200000001,102.730003,101.779999,102.349998,99.964066,4299300
2016-09-28,102.68,102.870003,101.66999799999999,102.349998,99.964066,5010700
2016-09-29,102.779999,102.779999,100.879997,101.059998,98.704132,3720000
2016-09-30,101.41999799999999,102.029999,101.059998,101.599998,99.23155200000001,5053500
2016-10-03,101.599998,102.66999799999999,101.290001,102.43,100.042191,3971700
2016-10-04,102.57,102.809998,101.300003,101.43,99.06551400000001,3204200
2016-10-05,101.699997,102.33000200000001,101.43,102.25,99.866394,2744100
2016-10-06,102.110001,102.220001,101.360001,102.08000200000001,99.700356,3651500
2016-10-07,100.959999,101.010002,99.809998,100.58000200000001,98.235336,3938200
2016-10-10,100.160004,101.029999,99.639999,99.980003,97.649315,4493300
2016-10-11,99.550003,99.870003,98.459999,98.769997,96.46751400000001,4314800
2016-10-12,98.809998,99.25,98.540001,98.93,96.623779,3818200
2016-10-13,98.400002,100.089996,98.150002,99.849998,97.522339,3768200
2016-10-14,100.41999799999999,100.790001,100.07,100.160004,97.82511099999999,3172000
2016-10-17,100.129997,100.440002,99.650002,99.709999,97.385597,2452400
2016-10-18,100.489998,100.58000200000001,99.68,99.989998,97.65907299999999,3025100
2016-10-19,100.260002,100.43,99.739998,99.760002,97.434433,4013900
2016-10-20,99.75,100.18,99.269997,99.290001,96.97539499999999,3876700
2016-10-21,98.379997,98.779999,97.620003,98.66999799999999,96.369843,4095000
2016-10-24,99.339996,99.860001,99.08000200000001,99.519997,97.200027,4288100
2016-10-25,101.110001,102.099998,100.459999,101.360001,98.997139,6752300
2016-10-26,101.0,101.82,100.75,101.010002,98.65529599999999,3734100
2016-10-27,101.480003,101.620003,99.989998,100.07,97.737213,3550000
2016-10-28,100.519997,102.139999,100.519997,101.839996,99.46595,4449100
2016-10-31,102.010002,102.599998,101.900002,102.199997,99.817551,4014500
2016-11-01,102.410004,102.91999799999999,101.300003,102.010002,99.631996,4044500
2016-11-02,101.849998,102.559998,101.160004,101.540001,99.172943,4115500
2016-11-03,101.800003,101.910004,100.720001,101.050003,98.694366,2444200
2016-11-04,101.239998,101.769997,100.739998,101.33000200000001,98.967842,2607800
2016-11-07,102.970001,103.339996,102.510002,103.050003,100.647743,4226200
2016-11-08,103.230003,103.91999799999999,102.620003,103.370003,100.960289,2524200
2016-11-09,101.089996,105.290001,101.089996,104.809998,102.366714,5003900
2016-11-10,105.379997,108.459999,105.339996,108.410004,105.882797,6105600
2016-11-11,107.900002,108.91999799999999,107.0,108.860001,106.322304,4149900
2016-11-14,109.41999799999999,109.41999799999999,107.730003,107.860001,105.34561200000002,4133100
2016-11-15,107.849998,108.019997,106.660004,107.68,105.169807,3795600
2016-11-16,106.620003,107.379997,106.349998,106.959999,105.11084699999999,2705300
2016-11-17,107.029999,107.440002,106.610001,106.699997,104.855339,2226500
2016-11-18,106.660004,106.959999,106.370003,106.5,104.658798,2677500
2016-11-21,106.849998,107.059998,106.209999,106.849998,105.002747,2177400
2016-11-22,107.209999,107.33000200000001,106.870003,106.940002,105.09119399999999,2640700
2016-11-23,107.370003,108.279999,107.370003,108.110001,106.240967,2378500
2016-11-25,108.629997,109.199997,108.290001,108.779999,106.89938400000001,1008700
2016-11-28,108.5,108.980003,108.290001,108.449997,106.57508100000001,2453500
2016-11-29,108.66999799999999,109.440002,108.650002,108.839996,106.958344,3133900
2016-11-30,109.029999,110.0,107.720001,107.720001,105.857704,4112100
2016-12-01,108.0,108.16999799999999,107.07,107.480003,105.62186399999999,4055600
2016-12-02,108.040001,108.57,107.480003,108.220001,106.34906799999999,3124400
2016-12-05,108.720001,108.800003,107.360001,107.41999799999999,105.56289699999999,3077800
2016-12-06,107.300003,107.699997,107.08000200000001,107.43,105.572723,2179500
2016-12-07,107.5,109.839996,107.08000200000001,109.68,107.783829,4261800
2016-12-08,109.66999799999999,109.68,108.139999,108.43,106.555428,3168500
2016-12-09,108.540001,109.989998,108.059998,109.790001,107.891922,3428300
2016-12-12,109.41999799999999,110.5,108.790001,110.389999,108.481544,4478700
2016-12-13,110.879997,111.690002,110.260002,110.309998,108.40293100000001,3807600
2016-12-14,110.349998,110.440002,109.089996,109.269997,107.380905,2761200
2016-12-15,109.040001,109.43,108.120003,108.129997,106.26061999999999,3611100
2016-12-16,108.410004,109.260002,108.089996,108.519997,106.643875,7847000
2016-12-19,109.57,111.07,108.879997,110.82,108.90411399999999,3838300
2016-12-20,110.93,111.0,110.150002,110.650002,108.73706100000001,2256000
2016-12-21,110.940002,111.129997,110.470001,110.489998,108.579819,2078700
2016-12-22,110.58000200000001,110.760002,109.690002,110.459999,108.550331,2087900
2016-12-23,110.349998,110.83000200000001,110.040001,110.650002,108.73706100000001,1303200
2016-12-27,111.040001,111.129997,110.5,110.980003,109.061356,1067300
2016-12-28,111.0,111.089996,110.099998,110.190002,108.28501100000001,1894800
2016-12-29,110.279999,110.82,110.029999,110.550003,108.63878600000001,2903600
2016-12-30,110.589996,110.790001,109.379997,109.620003,107.724861,2200500
2017-01-03,110.389999,110.959999,110.0,110.83000200000001,108.91394,2739600
2017-01-04,111.459999,111.699997,110.58000200000001,110.900002,108.982735,3091400
2017-01-05,111.16999799999999,111.940002,110.559998,111.349998,109.42495,3344900
2017-01-06,111.41999799999999,112.83000200000001,111.059998,112.550003,110.60421000000001,2622000
2017-01-09,112.699997,112.699997,111.269997,111.5,109.57236499999999,2434100
2017-01-10,111.75,111.83000200000001,111.059998,111.260002,109.33651699999999,1800400
2017-01-11,111.620003,111.620003,110.58000200000001,111.0,109.081001,2746200
2017-01-12,111.139999,111.139999,109.709999,110.82,108.90411399999999,2644600
2017-01-13,110.93,111.260002,109.849998,110.220001,108.31448400000001,2880600
2017-01-17,109.779999,110.269997,109.400002,109.970001,108.06881000000001,2238500
2017-01-18,110.199997,110.889999,109.82,110.41999799999999,108.511032,2600300
2017-01-19,111.029999,111.599998,110.019997,110.730003,108.815674,2828200
2017-01-20,110.949997,111.099998,110.029999,110.790001,108.87463400000001,3134300
2017-01-23,110.839996,111.300003,109.980003,110.339996,108.432404,2296600
2017-01-24,110.68,111.690002,110.339996,111.610001,109.680458,3240000
2017-01-25,111.870003,112.510002,108.779999,110.959999,109.04168700000001,5054000
2017-01-26,110.800003,111.489998,109.529999,110.360001,108.45206499999999,3996000
2017-01-27,110.150002,110.900002,109.610001,109.699997,107.803474,2791200
2017-01-30,109.309998,109.599998,108.25,109.16999799999999,107.28263899999999,2909900
2017-01-31,109.040001,109.809998,108.389999,109.66999799999999,107.773987,3945700
2017-02-01,109.629997,109.910004,107.900002,108.18,106.309753,4670100
2017-02-02,108.08000200000001,108.68,106.849998,108.360001,106.48664099999999,4714500
2017-02-03,108.529999,109.779999,108.5,109.650002,107.754341,3411200
2017-02-06,109.809998,111.25,109.68,110.68,108.76653300000001,4229600
2017-02-07,111.379997,111.730003,110.970001,111.25,109.326675,2774400
2017-02-08,111.089996,111.089996,110.349998,110.400002,108.491371,2072300
2017-02-09,110.400002,110.720001,110.0,110.089996,108.186729,2651200
2017-02-10,110.25,111.260002,110.08000200000001,111.050003,109.13013500000001,2679200
2017-02-13,111.610001,112.099998,111.41999799999999,112.019997,110.083359,2830800
2017-02-14,111.989998,112.32,111.449997,111.57,109.641144,2770400
2017-02-15,111.129997,112.08000200000001,111.059998,111.910004,110.62971499999999,2625000
2017-02-16,112.139999,112.33000200000001,111.809998,112.07,110.787872,2802100
2017-02-17,111.93,112.33000200000001,111.610001,112.150002,110.86695900000001,2531800
2017-02-21,112.190002,112.800003,112.040001,112.5,111.21295900000001,2136900
2017-02-22,112.349998,112.709999,111.720001,112.660004,111.371132,2203600
2017-02-23,112.699997,112.879997,111.970001,112.089996,110.807648,3471700
2017-02-24,111.82,112.690002,111.75,112.459999,111.17341599999999,2917900
2017-02-27,112.589996,112.970001,112.029999,112.809998,111.51940900000001,2731400
2017-02-28,112.970001,113.190002,112.339996,112.550003,111.26239,2942500
2017-03-01,113.639999,114.440002,113.459999,113.68,112.379456,5085500
2017-03-02,113.83000200000001,114.040001,112.629997,112.690002,111.40078700000001,2880800
2017-03-03,112.690002,113.43,112.16999799999999,112.339996,111.054787,3108300
2017-03-06,111.83000200000001,112.300003,111.540001,111.660004,110.382576,3772200
2017-03-07,111.860001,112.410004,111.5,112.279999,110.995476,2457200
2017-03-08,112.480003,112.660004,111.650002,111.75,110.471542,2581800
2017-03-09,111.870003,112.339996,107.050003,111.93,110.649475,2919800
2017-03-10,112.389999,112.58000200000001,111.290001,112.139999,110.857079,3220200
2017-03-13,112.559998,112.730003,111.959999,112.309998,111.025124,2976300
2017-03-14,111.879997,112.16999799999999,111.550003,111.83000200000001,110.550629,2194800
2017-03-15,112.120003,113.300003,111.870003,113.08000200000001,111.786331,3169100
2017-03-16,112.769997,113.220001,111.949997,112.339996,111.054787,2933800
2017-03-17,112.68,113.949997,112.269997,113.449997,112.152084,7442300
2017-03-20,113.400002,114.08000200000001,112.83000200000001,113.510002,112.211403,3057800
2017-03-21,113.660004,114.150002,111.980003,112.160004,110.876846,3572100
2017-03-22,112.370003,112.41999799999999,111.41999799999999,111.93,110.649475,2127000
2017-03-23,111.93,112.449997,111.559998,111.839996,110.560501,2287400
2017-03-24,111.980003,112.279999,111.33000200000001,111.800003,110.520973,2249700
2017-03-27,111.08000200000001,111.93,110.449997,111.83000200000001,110.550629,2490800
2017-03-28,111.410004,113.150002,111.32,112.739998,111.45021100000001,3257700
2017-03-29,112.550003,112.550003,111.910004,112.059998,110.777992,1998800
2017-03-30,111.959999,112.660004,111.849998,112.449997,111.163528,1481600
2017-03-31,112.5,112.629997,111.849998,112.209999,110.926277,2483700
2017-04-03,112.279999,112.480003,111.239998,111.93,110.649475,2123000
2017-04-04,112.269997,113.25,112.239998,112.989998,111.69735,2970900
2017-04-05,113.139999,114.379997,112.449997,112.5,111.21295900000001,3011900
2017-04-06,112.57,112.93,112.190002,112.410004,111.123993,2185700
2017-04-07,112.629997,113.209999,112.230003,112.989998,111.69735,2064200
2017-04-10,112.989998,113.75,112.68,112.879997,111.58860800000001,2097500
2017-04-11,112.5,113.16999799999999,112.25,113.139999,111.845634,2393500
2017-04-12,112.779999,112.82,112.139999,112.239998,110.955933,2605100
2017-04-13,112.050003,112.699997,111.82,112.089996,110.807648,2260900
2017-04-17,112.529999,113.279999,112.300003,113.269997,111.974144,3503800
2017-04-18,112.949997,113.68,112.82,113.559998,112.260834,2721500
2017-04-19,113.949997,114.260002,112.709999,112.91999799999999,111.628151,2566700
2017-04-20,112.959999,114.309998,112.809998,113.940002,112.63649,2472300
2017-04-21,114.0,115.279999,114.0,114.989998,113.67446899999999,5658900
2017-04-24,115.989998,116.589996,115.730003,116.32,114.989258,3155200
2017-04-25,116.760002,117.309998,116.410004,116.870003,115.532967,3322100
2017-04-26,117.339996,119.25,116.510002,118.199997,116.84773999999999,5102700
2017-04-27,118.360001,119.230003,118.099998,118.779999,117.42111200000001,3404500
2017-04-28,119.190002,119.610001,118.589996,118.989998,117.628708,4477800
2017-05-01,119.040001,119.699997,118.66999799999999,118.91999799999999,117.559509,2557600
2017-05-02,118.949997,119.510002,118.75,119.32,117.95493300000001,2998900
2017-05-03,119.300003,120.459999,119.0,120.300003,118.92372900000001,3626100
2017-05-04,120.629997,121.0,120.150002,121.0,119.615715,3177000
2017-05-05,120.209999,121.449997,120.120003,121.349998,119.961716,2437600
2017-05-08,121.370003,121.550003,120.889999,121.08000200000001,119.694801,2710300
2017-05-09,121.459999,121.949997,121.099998,121.459999,120.07045,1946000
2017-05-10,121.16999799999999,121.33000200000001,120.120003,121.019997,119.63548300000001,2132900
2017-05-11,120.339996,121.379997,119.769997,121.279999,119.892517,2751400
2017-05-12,121.010002,121.190002,120.650002,120.83000200000001,119.44766200000001,2460900
2017-05-15,120.800003,121.290001,120.66999799999999,120.91999799999999,119.536629,2184500
2017-05-16,121.089996,121.480003,120.790001,121.400002,120.01113899999999,2022300
2017-05-17,120.739998,120.739998,119.41999799999999,119.58000200000001,118.858147,3357800
2017-05-18,119.5,119.980003,117.959999,119.370003,118.649414,2585900
2017-05-19,119.75,121.349998,119.400002,121.160004,120.42861200000002,3209100
2017-05-22,121.559998,122.050003,121.449997,121.660004,120.925591,2183100
2017-05-23,121.660004,122.480003,121.629997,122.07,121.33311499999999,3404300
2017-05-24,122.099998,122.839996,121.849998,122.08000200000001,121.343056,2410500
2017-05-25,122.43,122.610001,122.040001,122.25,121.512032,2736800
2017-05-26,122.309998,122.440002,121.58000200000001,121.849998,121.11444099999999,2124900
2017-05-30,121.800003,121.93,121.139999,121.269997,120.53794099999999,2665900
2017-05-31,121.559998,121.58000200000001,121.0,121.279999,120.547882,4118100
2017-06-01,121.199997,122.150002,121.08000200000001,121.790001,121.05481,3214200
2017-06-02,122.07,122.849998,121.709999,122.120003,121.38281299999998,2398100
2017-06-05,122.269997,122.349998,120.93,120.980003,120.24969499999999,3202200
2017-06-06,120.370003,120.83000200000001,119.660004,120.120003,119.39488999999999,2987400
2017-06-07,120.629997,120.68,119.370003,119.779999,119.05693799999999,1796200
2017-06-08,119.779999,120.510002,119.08000200000001,119.940002,119.21597299999999,3548700
2017-06-09,120.16999799999999,120.82,119.82,120.639999,119.91174299999999,2129200
2017-06-12,120.25,120.550003,119.349998,119.879997,119.15633400000002,3064200
2017-06-13,119.93,120.160004,119.589996,120.059998,119.33524299999999,2357000
2017-06-14,120.059998,120.410004,119.599998,120.010002,119.28555300000001,1769100
2017-06-15,119.83000200000001,120.91999799999999,119.790001,120.75,120.02108,1947600
2017-06-16,121.110001,121.720001,120.260002,120.43,119.703018,4540900
2017-06-19,121.230003,122.260002,121.0,121.849998,121.11444099999999,3393900
2017-06-20,121.559998,122.519997,121.470001,121.510002,120.77649699999999,2683400
2017-06-21,121.970001,122.199997,121.489998,121.75,121.015045,2732400
2017-06-22,121.83000200000001,122.959999,121.82,122.16999799999999,121.43251000000001,3016600
2017-06-23,122.010002,122.440002,121.489998,122.220001,121.48220800000001,3851100
2017-06-26,122.410004,123.089996,121.809998,121.870003,121.134323,1644500
2017-06-27,121.91999799999999,122.139999,121.510002,121.589996,120.85601000000001,1703100
2017-06-28,122.07,122.599998,121.690002,122.5,121.760521,1801200
2017-06-29,122.41999799999999,122.459999,120.620003,121.650002,120.915649,2358600
2017-06-30,122.010002,122.639999,121.620003,122.110001,121.37287099999999,2384100
2017-07-03,122.610001,123.150002,122.059998,122.08000200000001,121.343056,1156200
2017-07-05,122.370003,123.010002,122.16999799999999,122.790001,122.048767,1738000
2017-07-06,122.559998,123.0,121.879997,121.889999,121.154198,3044200
2017-07-07,122.279999,122.900002,122.040001,122.610001,121.86985800000001,1762900
2017-07-10,122.730003,123.739998,122.349998,123.059998,122.31713899999998,2053100
2017-07-11,123.160004,123.68,122.360001,123.540001,122.794243,1953500
2017-07-12,124.019997,124.790001,123.660004,123.709999,122.96321100000002,2376900
2017-07-13,123.66999799999999,123.730003,122.839996,123.07,122.32708000000001,2687900
2017-07-14,123.440002,123.639999,122.790001,123.410004,122.665031,1779500
2017-07-17,123.730003,123.730003,122.989998,123.110001,122.36683700000002,1842400
2017-07-18,122.82,122.949997,121.93,122.629997,121.88973200000001,1881700
2017-07-19,123.050003,123.230003,122.550003,123.08000200000001,122.337021,1711000
2017-07-20,122.860001,123.290001,122.309998,122.449997,121.710815,1831400
2017-07-21,122.290001,123.5,121.860001,123.489998,122.74453700000001,2472500
2017-07-24,123.489998,123.75,122.839996,123.129997,122.386711,3679800
2017-07-25,121.900002,122.0,119.989998,120.41999799999999,119.693069,4801400
2017-07-26,120.41999799999999,120.57,119.290001,119.540001,118.81839,2993900
2017-07-27,119.370003,119.41999799999999,117.849998,118.690002,117.973518,4257300
2017-07-28,118.790001,119.449997,118.290001,118.870003,118.15243500000001,2150800
2017-07-31,119.160004,119.339996,118.440002,118.57,117.85423999999999,2172300
2017-08-01,119.0,119.25,118.360001,118.879997,118.162369,1553300
2017-08-02,118.800003,120.389999,118.660004,120.349998,119.623497,2339400
2017-08-03,120.379997,121.110001,119.860001,121.099998,120.36896499999999,2031200
2017-08-04,121.220001,121.660004,120.650002,121.489998,120.756615,1803600
2017-08-07,119.309998,119.75,117.860001,118.519997,117.804543,4975700
2017-08-08,118.449997,118.989998,118.010002,118.190002,117.47653999999999,2766900
2017-08-09,118.57,118.760002,117.029999,117.199997,116.492508,3183400
2017-08-10,116.889999,117.290001,116.089996,116.760002,116.055168,3158400
2017-08-11,117.0,117.760002,116.349998,116.889999,116.18438700000002,2090900
2017-08-14,117.300003,117.550003,116.940002,117.150002,116.44281799999999,1839700
2017-08-15,117.120003,117.120003,115.709999,115.959999,115.25999499999999,2285100
2017-08-16,115.91999799999999,118.099998,115.82,118.0,118.0,3452400
2017-08-17,117.779999,117.779999,116.08000200000001,116.099998,116.099998,2721900
2017-08-18,116.040001,116.269997,115.349998,115.480003,115.480003,2760400
2017-08-21,115.620003,115.699997,114.68,115.279999,115.279999,1913200
2017-08-22,115.58000200000001,115.83000200000001,115.029999,115.690002,115.690002,2406500
2017-08-23,115.410004,118.870003,114.93,117.029999,117.029999,6203500
2017-08-24,117.209999,117.209999,114.949997,115.300003,115.300003,4331000
2017-08-25,115.779999,116.089996,115.019997,115.07,115.07,2246100
2017-08-28,115.290001,115.779999,115.190002,115.33000200000001,115.33000200000001,3479900
2017-08-29,115.059998,118.739998,114.440002,118.699997,118.699997,5572900
2017-08-30,118.949997,119.860001,118.309998,119.599998,119.599998,5214300
2017-08-31,119.629997,120.190002,118.809998,119.720001,119.720001,3979000
2017-09-01,119.739998,120.160004,117.82,117.91999799999999,117.91999799999999,2644700
